BPL_CEI_CEL_16_R2 bpl_cei_16_r2_p 4389.28363 -1221.61313 -7627.39384 4556.11121725 8884.55323663
BPL_CEI_CEM_16_R2 bpl_cei_16_r2_p 4389.28363 -1221.61313 -7627.39384 4556.11121725 8884.55323663
BPL_CEI_CEO_16_R2 bpl_cei_16_r2_p 4389.28363 -1221.61313 -7627.39384 4556.11121725 8884.55323663
BPL_CEI_CEL_02_R2 bpl_cei_02_r2_p 3965.39234 2239.82733 -7610.64548 4554.24668615 8869.22135819
BPL_CEI_CEM_02_R2 bpl_cei_02_r2_p 3965.39234 2239.82733 -7610.64548 4554.24668615 8869.22135819
BPL_CEI_CEO_02_R2 bpl_cei_02_r2_p 3965.39234 2239.82733 -7610.64548 4554.24668615 8869.22135819
BPL_CEI_CEL_04_R2 bpl_cei_04_r2_p 1225.55936 4387.41754 -7614.95979 4555.37357581 8873.50218451
BPL_CEI_CEM_04_R2 bpl_cei_04_r2_p 1225.55936 4387.41754 -7614.95979 4555.37357581 8873.50218451
BPL_CEI_CEO_04_R2 bpl_cei_04_r2_p 1225.55936 4387.41754 -7614.95979 4555.37357581 8873.50218451
BPL_CEI_CEL_06_R2 bpl_cei_06_r2_p -2243.59512 3961.84595 -7621.86248 4553.014649 8878.21660347
BPL_CEI_CEM_06_R2 bpl_cei_06_r2_p -2243.59512 3961.84595 -7621.86248 4553.014649 8878.21660347
BPL_CEI_CEO_06_R2 bpl_cei_06_r2_p -2243.59512 3961.84595 -7621.86248 4553.014649 8878.21660347
BPL_CEI_CEL_08_R2 bpl_cei_08_r2_p -4390.83972 1213.25185 -7614.10585 4555.37632894 8872.77078444
BPL_CEI_CEM_08_R2 bpl_cei_08_r2_p -4390.83972 1213.25185 -7614.10585 4555.37632894 8872.77078444
BPL_CEI_CEO_08_R2 bpl_cei_08_r2_p -4390.83972 1213.25185 -7614.10585 4555.37632894 8872.77078444
BPL_CEI_CEL_10_R2 bpl_cei_10_r2_p -3967.24735 -2244.29927 -7613.91813 4558.06217042 8873.98895873
BPL_CEI_CEM_10_R2 bpl_cei_10_r2_p -3967.24735 -2244.29927 -7613.91813 4558.06217042 8873.98895873
BPL_CEI_CEO_10_R2 bpl_cei_10_r2_p -3967.24735 -2244.29927 -7613.91813 4558.06217042 8873.98895873
BPL_CEI_CEL_12_R2 bpl_cei_12_r2_p -1221.18981 -4394.5038 -7614.93326 4561.02709927 8876.38308967
BPL_CEI_CEM_12_R2 bpl_cei_12_r2_p -1221.18981 -4394.5038 -7614.93326 4561.02709927 8876.38308967
BPL_CEI_CEO_12_R2 bpl_cei_12_r2_p -1221.18981 -4394.5038 -7614.93326 4561.02709927 8876.38308967
BPL_CEI_CEL_14_R2 bpl_cei_14_r2_p 2242.77161 -3968.89612 -7625.24992 4558.74554082 8884.06423032
BPL_CEM_CEO_16_R1 bpl_cem_16_r1_p 2934.62974 -1028.91592 -14188.26464 3109.7780759 14525.0670627
BPL_CEM_CE4_16_R2 bpl_cem_16_r2_p 6863.34734 -1979.53892 -14087.47914 7143.1163399 15794.9732372
BPL_CEM_CEI_16_R2 bpl_cem_16_r2_p 6863.34734 -1979.53892 -14087.47914 7143.1163399 15794.9732372
BPL_CEM_CEL_16_R2 bpl_cem_16_r2_p 6863.34734 -1979.53892 -14087.47914 7143.1163399 15794.9732372
BPL_CEM_CES_16_R2 bpl_cem_16_r2_p 6863.34734 -1979.53892 -14087.47914 7143.1163399 15794.9732372
BPL_CEM_CEO_02_R1 bpl_cem_02_r1_p 2803.37608 1347.19342 -14183.7283 3110.280945 14520.7436464
BPL_CEM_CE4_02_R2 bpl_cem_02_r2_p 6252.6376 3456.7425 -14087.22626 7144.54656841 15795.394562
BPL_CEM_CEI_02_R2 bpl_cem_02_r2_p 6252.6376 3456.7425 -14087.22626 7144.54656841 15795.394562
BPL_CEM_CEL_02_R2 bpl_cem_02_r2_p 6252.6376 3456.7425 -14087.22626 7144.54656841 15795.394562
BPL_CEM_CES_02_R2 bpl_cem_02_r2_p 6252.6376 3456.7425 -14087.22626 7144.54656841 15795.394562
BPL_CEM_CEO_04_R1 bpl_cem_04_r1_p 1017.91249 2933.56301 -14188.97483 3105.14698057 14524.7700325
BPL_CEM_CE4_04_R2 bpl_cem_04_r2_p 1967.34795 6862.38452 -14093.3415 7138.82197962 15798.2611034
BPL_CEM_CEI_04_R2 bpl_cem_04_r2_p 1967.34795 6862.38452 -14093.3415 7138.82197962 15798.2611034
BPL_CEM_CEL_04_R2 bpl_cem_04_r2_p 1967.34795 6862.38452 -14093.3415 7138.82197962 15798.2611034
BPL_CEM_CES_04_R2 bpl_cem_04_r2_p 1967.34795 6862.38452 -14093.3415 7138.82197962 15798.2611034
BPL_CEM_CEO_06_R1 bpl_cem_06_r1_p -1360.63934 2797.00581 -14185.14888 3110.39883532 14522.1565087
BPL_CEM_CE4_06_R2 bpl_cem_06_r2_p -3469.91667 6246.33372 -14094.76811 7145.41857685 15802.5154552
BPL_CEM_CEI_06_R2 bpl_cem_06_r2_p -3469.91667 6246.33372 -14094.76811 7145.41857685 15802.5154552
BPL_CEM_CEL_06_R2 bpl_cem_06_r2_p -3469.91667 6246.33372 -14094.76811 7145.41857685 15802.5154552
BPL_CEM_CES_06_R2 bpl_cem_06_r2_p -3469.91667 6246.33372 -14094.76811 7145.41857685 15802.5154552
BPL_CEM_CEO_08_R1 bpl_cem_08_r1_p -2947.98003 1017.76256 -14180.00994 3118.7219956 14518.9224388
BPL_CEM_CE4_08_R2 bpl_cem_08_r2_p -6877.6834 1966.07881 -14086.657 7153.18074969 15798.7942664
BPL_CEM_CEI_08_R2 bpl_cem_08_r2_p -6877.6834 1966.07881 -14086.657 7153.18074969 15798.7942664
BPL_CEM_CEL_08_R2 bpl_cem_08_r2_p -6877.6834 1966.07881 -14086.657 7153.18074969 15798.7942664
BPL_CEM_CES_08_R2 bpl_cem_08_r2_p -6877.6834 1966.07881 -14086.657 7153.18074969 15798.7942664
BPL_CEM_CEO_10_R1 bpl_cem_10_r1_p -2803.30552 -1362.31927 -14188.45867 3116.79893992 14526.7613411
BPL_CEM_CE4_10_R2 bpl_cem_10_r2_p -6252.41825 -3468.69078 -14089.33016 7150.14333424 15799.8029753
BPL_CEM_CEI_10_R2 bpl_cem_10_r2_p -6252.41825 -3468.69078 -14089.33016 7150.14333424 15799.8029753
BPL_CEM_CEL_10_R2 bpl_cem_10_r2_p -6252.41825 -3468.69078 -14089.33016 7150.14333424 15799.8029753
BPL_CEM_CES_10_R2 bpl_cem_10_r2_p -6252.41825 -3468.69078 -14089.33016 7150.14333424 15799.8029753
BPL_CEM_CEO_12_R1 bpl_cem_12_r1_p -1025.87037 -2947.38274 -14190.99734 3120.81320045 14530.1025645
BPL_CEM_CE4_12_R2 bpl_cem_12_r2_p -1973.48866 -6877.22099 -14103.12922 7154.77644909 15814.2050016
BPL_CEM_CEI_12_R2 bpl_cem_12_r2_p -1973.48866 -6877.22099 -14103.12922 7154.77644909 15814.2050016
BPL_CEM_CEL_12_R2 bpl_cem_12_r2_p -1973.48866 -6877.22099 -14103.12922 7154.77644909 15814.2050016
BPL_CEM_CES_12_R2 bpl_cem_12_r2_p -1973.48866 -6877.22099 -14103.12922 7154.77644909 15814.2050016
BPL_CEM_CEO_14_R1 bpl_cem_14_r1_p 1351.77955 -2809.45056 -14188.11132 3117.74283752 14526.6246331
BPL_CEO_CE4_16_R2 bpl_ceo_16_r2_p 9772.5484 -2820.59023 -21537.70663 10171.451788 23818.7161358
BPL_CEO_CEI_16_R2 bpl_ceo_16_r2_p 9772.5484 -2820.59023 -21537.70663 10171.451788 23818.7161358
BPL_CEO_CEL_16_R2 bpl_ceo_16_r2_p 9772.5484 -2820.59023 -21537.70663 10171.451788 23818.7161358
BPL_CEO_CEM_16_R2 bpl_ceo_16_r2_p 9772.5484 -2820.59023 -21537.70663 10171.451788 23818.7161358
BPL_CEO_CE4_02_R2 bpl_ceo_02_r2_p 8899.30323 4928.93745 -21537.19962 10173.1028878 23818.9628204
BPL_CEO_CEI_02_R2 bpl_ceo_02_r2_p 8899.30323 4928.93745 -21537.19962 10173.1028878 23818.9628204
BPL_CEO_CEL_02_R2 bpl_ceo_02_r2_p 8899.30323 4928.93745 -21537.19962 10173.1028878 23818.9628204
BPL_CEO_CEM_02_R2 bpl_ceo_02_r2_p 8899.30323 4928.93745 -21537.19962 10173.1028878 23818.9628204
BPL_CEO_CE4_04_R2 bpl_ceo_04_r2_p 2807.24537 9780.48782 -21537.32466 10175.3903397 23820.0529402
BPL_CEO_CEI_04_R2 bpl_ceo_04_r2_p 2807.24537 9780.48782 -21537.32466 10175.3903397 23820.0529402
BPL_CEO_CEL_04_R2 bpl_ceo_04_r2_p 2807.24537 9780.48782 -21537.32466 10175.3903397 23820.0529402
BPL_CEO_CEM_04_R2 bpl_ceo_04_r2_p 2807.24537 9780.48782 -21537.32466 10175.3903397 23820.0529402
BPL_CEO_CE4_06_R2 bpl_ceo_06_r2_p -4924.50441 8894.87102 -21535.33671 10167.0779552 23814.7055695
BPL_CEO_CEI_06_R2 bpl_ceo_06_r2_p -4924.50441 8894.87102 -21535.33671 10167.0779552 23814.7055695
BPL_CEO_CEL_06_R2 bpl_ceo_06_r2_p -4924.50441 8894.87102 -21535.33671 10167.0779552 23814.7055695
BPL_CEO_CEM_06_R2 bpl_ceo_06_r2_p -4924.50441 8894.87102 -21535.33671 10167.0779552 23814.7055695
BPL_CEO_CE4_08_R2 bpl_ceo_08_r2_p -9776.69975 2810.44566 -21535.11842 10172.6330323 23816.8803199
BPL_CEO_CEI_08_R2 bpl_ceo_08_r2_p -9776.69975 2810.44566 -21535.11842 10172.6330323 23816.8803199
BPL_CEO_CEL_08_R2 bpl_ceo_08_r2_p -9776.69975 2810.44566 -21535.11842 10172.6330323 23816.8803199
BPL_CEO_CEM_08_R2 bpl_ceo_08_r2_p -9776.69975 2810.44566 -21535.11842 10172.6330323 23816.8803199
BPL_CEO_CE4_10_R2 bpl_ceo_10_r2_p -8900.25648 -4929.63691 -21535.91939 10174.2756732 23818.3061834
BPL_CEO_CEI_10_R2 bpl_ceo_10_r2_p -8900.25648 -4929.63691 -21535.91939 10174.2756732 23818.3061834
BPL_CEO_CEL_10_R2 bpl_ceo_10_r2_p -8900.25648 -4929.63691 -21535.91939 10174.2756732 23818.3061834
BPL_CEO_CEM_10_R2 bpl_ceo_10_r2_p -8900.25648 -4929.63691 -21535.91939 10174.2756732 23818.3061834
BPL_CEO_CE4_12_R2 bpl_ceo_12_r2_p -2811.8271 -9780.20101 -21538.18188 10176.3796822 23821.2506416
BPL_CEO_CEI_12_R2 bpl_ceo_12_r2_p -2811.8271 -9780.20101 -21538.18188 10176.3796822 23821.2506416
BPL_CEO_CEL_12_R2 bpl_ceo_12_r2_p -2811.8271 -9780.20101 -21538.18188 10176.3796822 23821.2506416
BPL_CEO_CEM_12_R2 bpl_ceo_12_r2_p -2811.8271 -9780.20101 -21538.18188 10176.3796822 23821.2506416
BPL_CEO_CEM_14_R2 bpl_ceo_14_r2_p 4917.96802 -8909.87659 -21537.61978 10177.0482113 23821.0280232
BPL_CEO_CEI_16_R1 fix_bpl_ceo_16_r1_p 2919.38339 -1004.33826 -21534.2846 3087.31189197 21754.4686893
BPL_CEO_CEM_16_R1 fix_bpl_ceo_16_r1_p 2919.38339 -1004.33826 -21534.2846 3087.31189197 21754.4686893
BPL_CEO_CEI_02_R1 fix_bpl_ceo_02_r1_p 2774.49519 1358.00241 -21535.73912 3089.01183308 21756.1497869
BPL_CEO_CEM_02_R1 fix_bpl_ceo_02_r1_p 2774.49519 1358.00241 -21535.73912 3089.01183308 21756.1497869
BPL_CEO_CEI_04_R1 fix_bpl_ceo_04_r1_p 998.15788 2925.67479 -21534.38958 3091.26060536 21755.1333417
BPL_CEO_CEM_04_R1 fix_bpl_ceo_04_r1_p 998.15788 2925.67479 -21534.38958 3091.26060536 21755.1333417
BPL_CEO_CEI_06_R1 fix_bpl_ceo_06_r1_p -1377.70032 2757.25383 -21532.59496 3082.28922309 21752.0838672
BPL_CEO_CEM_06_R1 fix_bpl_ceo_06_r1_p -1377.70032 2757.25383 -21532.59496 3082.28922309 21752.0838672
BPL_CEO_CEI_08_R1 fix_bpl_ceo_08_r1_p -2927.12662 985.50099 -21536.65702 3088.57288255 21756.9960713
BPL_CEO_CEM_08_R1 fix_bpl_ceo_08_r1_p -2927.12662 985.50099 -21536.65702 3088.57288255 21756.9960713
BPL_CEO_CEI_10_R1 fix_bpl_ceo_10_r1_p -2765.08688 -1379.34242 -21536.03031 3090.03090042 21756.582739
BPL_CEO_CEM_10_R1 fix_bpl_ceo_10_r1_p -2765.08688 -1379.34242 -21536.03031 3090.03090042 21756.582739
BPL_CEO_CEI_12_R1 fix_bpl_ceo_12_r1_p -989.09655 -2930.34319 -21535.76224 3092.76950263 21756.7065167
BPL_CEO_CEM_12_R1 fix_bpl_ceo_12_r1_p -989.09655 -2930.34319 -21535.76224 3092.76950263 21756.7065167
BPL_CEO_CEI_14_R1 fix_bpl_ceo_14_r1_p 1366.01726 -2774.49269 -21533.23494 3092.54148581 21754.1724693
BPL_CEO_CEM_14_R1 fix_bpl_ceo_14_r1_p 1366.01726 -2774.49269 -21533.23494 3092.54148581 21754.1724693
BPL_CEL_CE4_16_R2 bpl_cel_16_r2_p 5817.31312 -1673.85104 -11226.88188 6053.33868541 12754.8338283
BPL_CEL_CEI_16_R2 bpl_cel_16_r2_p 5817.31312 -1673.85104 -11226.88188 6053.33868541 12754.8338283
BPL_CEL_CEM_16_R3 bpl_cel_16_r3_p 9292.99552 -2768.84909 -11241.27542 9696.71547576 14845.6244088
BPL_CES_CE4_16_R2 bpl_ces_16_r2_p 5348.41223 -1492.14313 -10001.90462 5552.65742707 11439.8470501
BPL_CES_CEI_16_R2 bpl_ces_16_r2_p 5348.41223 -1492.14313 -10001.90462 5552.65742707 11439.8470501
BPL_CES_CEM_16_R3 bpl_ces_16_r3_p 8280.0654 -2511.56457 -10040.35557 8652.59727582 13254.2891016
BPL_CEL_CE4_02_R2 bpl_cel_02_r2_p 5298.91825 2925.57691 -11232.066 6052.89475181 12759.1865534
BPL_CEL_CEI_02_R2 bpl_cel_02_r2_p 5298.91825 2925.57691 -11232.066 6052.89475181 12759.1865534
BPL_CEL_CEM_02_R3 bpl_cel_02_r3_p 8527.98039 4616.27049 -11242.1509 9697.23686258 14846.6278874
BPL_CES_CE4_02_R2 bpl_ces_02_r2_p 4838.92565 2731.72438 -9997.92296 5556.75440653 11438.3557843
BPL_CES_CEI_02_R2 bpl_ces_02_r2_p 4838.92565 2731.72438 -9997.92296 5556.75440653 11438.3557843
BPL_CES_CEM_02_R3 bpl_ces_02_r3_p 7634.74832 4079.26689 -10041.83953 8656.20010568 13257.7653251
BPL_CEL_CE4_04_R2 bpl_cel_04_r2_p 1675.72972 5821.52729 -11232.95329 6057.90806159 12762.3465592
BPL_CEL_CEI_04_R2 bpl_cel_04_r2_p 1675.72972 5821.52729 -11232.95329 6057.90806159 12762.3465592
BPL_CEL_CEM_04_R3 bpl_cel_04_r3_p 2769.37011 9297.09822 -11242.66239 9700.796159 14849.3401784
BPL_CES_CE4_04_R2 bpl_ces_04_r2_p 1484.38616 5341.10201 -9999.25994 5543.5343377 11433.1086018
BPL_CES_CEI_04_R2 bpl_ces_04_r2_p 1484.38616 5341.10201 -9999.25994 5543.5343377 11433.1086018
BPL_CES_CEM_04_R3 bpl_ces_04_r3_p 2508.70822 8271.09807 -10041.96476 8643.18692478 13249.3673984
BPL_CEL_CE4_06_R2 bpl_cel_06_r2_p -2932.49453 5301.039 -11232.13621 6058.09694937 12761.7170666
BPL_CEL_CEI_06_R2 bpl_cel_06_r2_p -2932.49453 5301.039 -11232.13621 6058.09694937 12761.7170666
BPL_CEL_CEM_06_R3 bpl_cel_06_r3_p -4613.80282 8533.37314 -11244.26313 9700.80582263 14850.5584725
BPL_CES_CE4_06_R2 bpl_ces_06_r2_p -2724.23895 4838.13253 -9999.89414 5552.38725546 11437.9581677
BPL_CES_CEI_06_R2 bpl_ces_06_r2_p -2724.23895 4838.13253 -9999.89414 5552.38725546 11437.9581677
BPL_CES_CEM_06_R3 bpl_ces_06_r3_p -4076.45267 7630.93768 -10043.9594 8651.51294554 13256.3115789
BPL_CEL_CE4_08_R2 bpl_cel_08_r2_p -5816.72934 1682.76915 -11228.34694 6055.2499723 12757.0305021
BPL_CEL_CEI_08_R2 bpl_cel_08_r2_p -5816.72934 1682.76915 -11228.34694 6055.2499723 12757.0305021
BPL_CEL_CEM_08_R3 bpl_cel_08_r3_p -9296.38536 2769.26254 -11239.35139 9700.0822562 14846.367079
BPL_CES_CE4_08_R2 bpl_ces_08_r2_p -5349.47715 1492.78976 -10000.19237 5553.85695224 11438.9324014
BPL_CES_CEI_08_R2 bpl_ces_08_r2_p -5349.47715 1492.78976 -10000.19237 5553.85695224 11438.9324014
BPL_CES_CEM_08_R3 bpl_ces_08_r3_p -8280.01284 2513.6742 -10040.98117 8653.15957407 13255.1300812
BPL_CEL_CE4_10_R2 bpl_cel_10_r2_p -5299.98675 -2926.56527 -11229.56724 6054.30787372 12757.6574741
BPL_CEL_CEI_10_R2 bpl_cel_10_r2_p -5299.98675 -2926.56527 -11229.56724 6054.30787372 12757.6574741
BPL_CEL_CEM_10_R3 bpl_cel_10_r3_p -8527.41193 -4617.14081 -11244.48167 9697.15130764 14848.3369948
BPL_CES_CE4_10_R2 bpl_ces_10_r2_p -4843.86886 -2726.75727 -9999.76978 5558.6212987 11440.8769942
BPL_CES_CEI_10_R2 bpl_ces_10_r2_p -4843.86886 -2726.75727 -9999.76978 5558.6212987 11440.8769942
BPL_CES_CEM_10_R3 bpl_ces_10_r3_p -7638.144 -4078.24818 -10041.37255 8658.71537715 13259.0540639
BPL_CEL_CE4_12_R2 bpl_cel_12_r2_p -1681.98499 -5816.64121 -11226.11089 6054.94743763 12754.9188232
BPL_CEL_CEI_12_R2 bpl_cel_12_r2_p -1681.98499 -5816.64121 -11226.11089 6054.94743763 12754.9188232
BPL_CEL_CEM_12_R3 bpl_cel_12_r3_p -2767.57647 -9295.33561 -11239.61969 9698.59493019 14845.5984856
BPL_CES_CE4_12_R2 bpl_ces_12_r2_p -1495.90341 -5350.87419 -9998.81505 5556.04010148 11438.7885728
BPL_CES_CEI_12_R2 bpl_ces_12_r2_p -1495.90341 -5350.87419 -9998.81505 5556.04010148 11438.7885728
BPL_CES_CEM_12_R3 bpl_ces_12_r3_p -2511.28529 -8283.86172 -10041.2239 8656.14919025 13257.2657895
BPL_CEL_CEI_14_R2 bpl_cel_14_r2_p 2936.38033 -5309.15423 -11220.39942 6067.07904023 12755.6580083
BPL_CEL_CEM_14_R3 bpl_cel_14_r3_p 4616.16231 -8543.06435 -11238.90212 9710.45328296 14852.805251
BPL_CES_CEM_14_R3 bpl_ces_14_r3_p 4078.19118 -7633.24697 -10040.29566 8654.36898946 13255.4003918
BPL_CE4_CEL_16_R3 fix_bpl_ce4_16_r3_p 6463.15208 -1976.88356 -7790.74636 6758.72794385 10313.8805629
BPL_CE4_CEM_16_R3 fix_bpl_ce4_16_r3_p 6463.15208 -1976.88356 -7790.74636 6758.72794385 10313.8805629
BPL_CE4_CES_16_R3 fix_bpl_ce4_16_r3_p 6463.15208 -1976.88356 -7790.74636 6758.72794385 10313.8805629
BPL_CE4_CEL_02_R3 fix_bpl_ce4_02_r3_p 5955.54813 3154.97236 -7784.63884 6739.61453802 10296.74735
BPL_CE4_CEM_02_R3 fix_bpl_ce4_02_r3_p 5955.54813 3154.97236 -7784.63884 6739.61453802 10296.74735
BPL_CE4_CES_02_R3 fix_bpl_ce4_02_r3_p 5955.54813 3154.97236 -7784.63884 6739.61453802 10296.74735
BPL_CE4_CEL_04_R3 fix_bpl_ce4_04_r3_p 1978.65607 6446.20931 -7790.66474 6743.04785032 10303.550427
BPL_CE4_CEM_04_R3 fix_bpl_ce4_04_r3_p 1978.65607 6446.20931 -7790.66474 6743.04785032 10303.550427
BPL_CE4_CES_04_R3 fix_bpl_ce4_04_r3_p 1978.65607 6446.20931 -7790.66474 6743.04785032 10303.550427
BPL_CE4_CEL_06_R3 fix_bpl_ce4_06_r3_p -3152.6818 5965.47442 -7796.22794 6747.3170659 10310.5507942
BPL_CE4_CEM_06_R3 fix_bpl_ce4_06_r3_p -3152.6818 5965.47442 -7796.22794 6747.3170659 10310.5507942
BPL_CE4_CES_06_R3 fix_bpl_ce4_06_r3_p -3152.6818 5965.47442 -7796.22794 6747.3170659 10310.5507942
BPL_CE4_CEL_08_R3 fix_bpl_ce4_08_r3_p -6445.95533 1978.7223 -7799.81987 6742.82448658 10310.3284168
BPL_CE4_CEM_08_R3 fix_bpl_ce4_08_r3_p -6445.95533 1978.7223 -7799.81987 6742.82448658 10310.3284168
BPL_CE4_CES_08_R3 fix_bpl_ce4_08_r3_p -6445.95533 1978.7223 -7799.81987 6742.82448658 10310.3284168
BPL_CE4_CEL_10_R3 fix_bpl_ce4_10_r3_p -5953.10284 -3155.64055 -7795.20484 6737.76674458 10303.5294536
BPL_CE4_CEM_10_R3 fix_bpl_ce4_10_r3_p -5953.10284 -3155.64055 -7795.20484 6737.76674458 10303.5294536
BPL_CE4_CES_10_R3 fix_bpl_ce4_10_r3_p -5953.10284 -3155.64055 -7795.20484 6737.76674458 10303.5294536
BPL_CE4_CEL_12_R3 fix_bpl_ce4_12_r3_p -1984.30089 -6436.21899 -7796.75022 6735.15886296 10302.9936864
BPL_CE4_CEM_12_R3 fix_bpl_ce4_12_r3_p -1984.30089 -6436.21899 -7796.75022 6735.15886296 10302.9936864
BPL_CE4_CES_12_R3 fix_bpl_ce4_12_r3_p -1984.30089 -6436.21899 -7796.75022 6735.15886296 10302.9936864
BPL_CE4_CEL_14_R3 fix_bpl_ce4_14_r3_p 3157.78301 -5955.60335 -7795.02135 6740.97951345 10305.4918683
BPL_CE4_CEM_14_R3 fix_bpl_ce4_14_r3_p 3157.78301 -5955.60335 -7795.02135 6740.97951345 10305.4918683
BPL_CE4_CES_14_R3 fix_bpl_ce4_14_r3_p 3157.78301 -5955.60335 -7795.02135 6740.97951345 10305.4918683
BPL_CEM_CE4_16_R3 fix_bpl_cem_16_r3_p 11703.69872 -3480.61537 -14107.23601 12210.2926698 18657.5817009
BPL_CEM_CEL_16_R3 fix_bpl_cem_16_r3_p 11703.69872 -3480.61537 -14107.23601 12210.2926698 18657.5817009
BPL_CEM_CES_16_R3 fix_bpl_cem_16_r3_p 11703.69872 -3480.61537 -14107.23601 12210.2926698 18657.5817009
BPL_CEM_CE4_02_R3 fix_bpl_cem_02_r3_p 10738.94568 5814.3033 -14109.27302 12211.923566 18660.1892363
BPL_CEM_CEL_02_R3 fix_bpl_cem_02_r3_p 10738.94568 5814.3033 -14109.27302 12211.923566 18660.1892363
BPL_CEM_CES_02_R3 fix_bpl_cem_02_r3_p 10738.94568 5814.3033 -14109.27302 12211.923566 18660.1892363
BPL_CEM_CE4_04_R3 fix_bpl_cem_04_r3_p 3473.69933 11702.15001 -14119.79095 12206.838325 18664.8171264
BPL_CEM_CEL_04_R3 fix_bpl_cem_04_r3_p 3473.69933 11702.15001 -14119.79095 12206.838325 18664.8171264
BPL_CEM_CES_04_R3 fix_bpl_cem_04_r3_p 3473.69933 11702.15001 -14119.79095 12206.838325 18664.8171264
BPL_CEM_CE4_06_R3 fix_bpl_cem_06_r3_p -5817.49152 10738.44623 -14126.54015 12213.0027029 18673.9543651
BPL_CEM_CEL_06_R3 fix_bpl_cem_06_r3_p -5817.49152 10738.44623 -14126.54015 12213.0027029 18673.9543651
BPL_CEM_CES_06_R3 fix_bpl_cem_06_r3_p -5817.49152 10738.44623 -14126.54015 12213.0027029 18673.9543651
BPL_CEM_CE4_08_R3 fix_bpl_cem_08_r3_p -11711.96898 3486.8269 -14104.41904 12219.9909664 18661.8009762
BPL_CEM_CEL_08_R3 fix_bpl_cem_08_r3_p -11711.96898 3486.8269 -14104.41904 12219.9909664 18661.8009762
BPL_CEM_CES_08_R3 fix_bpl_cem_08_r3_p -11711.96898 3486.8269 -14104.41904 12219.9909664 18661.8009762
BPL_CEM_CE4_10_R3 fix_bpl_cem_10_r3_p -10745.7998 -5815.7462 -14111.43169 12218.6381076 18666.2160479
BPL_CEM_CEL_10_R3 fix_bpl_cem_10_r3_p -10745.7998 -5815.7462 -14111.43169 12218.6381076 18666.2160479
BPL_CEM_CES_10_R3 fix_bpl_cem_10_r3_p -10745.7998 -5815.7462 -14111.43169 12218.6381076 18666.2160479
BPL_CEM_CE4_12_R3 fix_bpl_cem_12_r3_p -3479.82673 -11715.39916 -14130.1414 12221.2835475 18682.0948379
BPL_CEM_CEL_12_R3 fix_bpl_cem_12_r3_p -3479.82673 -11715.39916 -14130.1414 12221.2835475 18682.0948379
BPL_CEM_CES_12_R3 fix_bpl_cem_12_r3_p -3479.82673 -11715.39916 -14130.1414 12221.2835475 18682.0948379
BPL_CEM_CE4_14_R3 fix_bpl_cem_14_r3_p 5815.83562 -10745.46692 -14127.22226 12218.3879169 18677.9927206
BPL_CEM_CEL_14_R3 fix_bpl_cem_14_r3_p 5815.83562 -10745.46692 -14127.22226 12218.3879169 18677.9927206
BPL_CEM_CES_14_R3 fix_bpl_cem_14_r3_p 5815.83562 -10745.46692 -14127.22226 12218.3879169 18677.9927206
