BAZ_CEI_16_02_C1 baz_cei_16_02_c1_p 2233.07195 -904.38716 -7480.35977 2409.25848946 7858.77272592
BAZ_CEI_16_02_C2 baz_cei_16_02_c2_p 3672.45411 -1267.18681 -7489.97391 3884.93006391 8437.55834196
BAZ_CEI_16_14_C1 baz_cei_16_14_c1_p 2437.83121 -1041.26466 -7481.77392 2650.89665974 7937.51813167
BAZ_CEI_16_14_C2 baz_cei_16_14_c2_p 3580.75299 -1324.65101 -7489.47044 3817.9172691 8406.46535384
BAZ_CEI_02_04_C1 baz_cei_02_04_c1_p 2213.98872 940.68112 -7479.76874 2405.54090005 7857.07117352
BAZ_CEI_02_04_C2 baz_cei_02_04_c2_p 3489.81986 1700.57989 -7478.34772 3882.11470948 8425.94203865
BAZ_CEI_02_16_C1 baz_cei_02_16_c1_p 2456.33126 987.7322 -7479.43106 2647.48525166 7934.17085391
BAZ_CEI_02_16_C2 baz_cei_02_16_c2_p 3465.23343 1594.4142 -7478.32712 3814.44614139 8394.96133876
BAZ_CEI_04_06_C1 baz_cei_04_06_c1_p 895.9443 2232.35408 -7483.58366 2405.43570423 7860.67079348
BAZ_CEI_04_06_C2 baz_cei_04_06_c2_p 1266.59888 3670.0067 -7482.48587 3882.42474504 8429.75780765
BAZ_CEI_04_02_C1 baz_cei_04_02_c1_p 1034.89575 2437.21954 -7483.14807 2647.83842021 7937.7927245
BAZ_CEI_04_02_C2 baz_cei_04_02_c2_p 1325.07305 3577.15041 -7482.15259 3814.68526141 8398.47789922
BAZ_CEI_06_08_C1 baz_cei_06_08_c1_p -943.93145 2212.19095 -7479.68134 2405.16015715 7856.87140849
BAZ_CEI_06_08_C2 baz_cei_06_08_c2_p -1704.07822 3488.22659 -7485.56728 3882.21680526 8432.39733566
BAZ_CEI_06_04_C1 baz_cei_06_04_c1_p -991.84469 2454.83645 -7480.53552 2647.63628267 7935.26241225
BAZ_CEI_06_04_C2 baz_cei_06_04_c2_p -1598.48702 3462.87885 -7485.15611 3814.01241252 8400.84833061
BAZ_CEI_08_10_C1 baz_cei_08_10_c1_p -2233.28458 899.87448 -7478.60171 2407.76537375 7856.64162552
BAZ_CEI_08_10_C2 baz_cei_08_10_c2_p -3673.80747 1258.80753 -7478.9832 3883.4852548 8427.13755851
BAZ_CEI_08_06_C1 baz_cei_08_06_c1_p -2438.40119 1036.64069 -7478.21666 2649.60832644 7933.73485172
BAZ_CEI_08_06_C2 baz_cei_08_06_c2_p -3580.88508 1318.37594 -7478.47732 3815.86858727 8395.74154563
BAZ_CEI_10_12_C1 baz_cei_10_12_c1_p -2216.37149 -947.70482 -7476.51286 2410.48688184 7855.48798951
BAZ_CEI_10_12_C2 baz_cei_10_12_c2_p -3492.26655 -1706.57455 -7480.36434 3886.94254536 8429.95688068
BAZ_CEI_10_08_C1 baz_cei_10_08_c1_p -2459.58781 -995.30749 -7476.7236 2653.33925361 7933.57454024
BAZ_CEI_10_08_C2 baz_cei_10_08_c2_p -3468.05671 -1600.03886 -7479.77882 3819.36404357 8398.48991744
BAZ_CEI_12_14_C1 baz_cei_12_14_c1_p -897.33588 -2238.54883 -7481.5665 2411.70324581 7860.67108075
BAZ_CEI_12_14_C2 baz_cei_12_14_c2_p -1266.66068 -3677.72684 -7481.49613 3889.74343472 8432.25286214
BAZ_CEI_12_10_C1 baz_cei_12_10_c1_p -1036.74048 -2443.50172 -7481.30956 2654.34200481 7938.23180633
BAZ_CEI_12_10_C2 baz_cei_12_10_c2_p -1322.50785 -3585.37148 -7481.2107 3821.50698847 8400.7398008
BAZ_CEI_14_16_C1 baz_cei_14_16_c1_p 942.07699 -2219.33231 -7481.87184 2411.00496833 7860.74749547
BAZ_CEI_14_16_C2 baz_cei_14_16_c2_p 1704.26163 -3493.22775 -7488.79127 3886.79145528 8437.36585093
BAZ_CEI_14_12_C1 baz_cei_14_12_c1_p 991.09529 -2461.06832 -7482.70935 2653.13534324 7939.14771031
BAZ_CEI_14_12_C2 baz_cei_14_12_c2_p 1597.55598 -3469.4385 -7488.25911 3819.57963846 8406.14139264
BAZ_CE4_16_02_N baz_ce4_16_02_c1_p 5140.24272 -1377.37583 -7850.99099 5321.58429395 9484.58322345
BAZ_CE4_16_02_W baz_ce4_16_02_c2_p 6270.78075 -1660.11445 -7848.87706 6486.80747376 10182.5115912
BAZ_CE4_02_04_N baz_ce4_02_04_c1_p 4598.0883 2640.6892 -7844.28617 5302.41977456 9468.28817593
BAZ_CE4_02_04_W baz_ce4_02_04_c2_p 5593.71921 3244.47176 -7843.07495 6466.55175513 10165.1422161
BAZ_CE4_02_16_W baz_ce4_02_16_c1_p 5534.61406 3120.92254 -7843.19473 6353.90512156 10093.9493691
BAZ_CE4_02_16_N baz_ce4_02_16_c2_p 5711.90632 3215.94523 -7842.80466 6555.01163468 10221.4364189
BAZ_CE4_04_06_N baz_ce4_04_06_c1_p 1383.01035 5120.61755 -7846.8926 5304.09669233 9471.38665653
BAZ_CE4_04_06_W baz_ce4_04_06_c2_p 1660.41061 6251.81598 -7847.13222 6468.55211323 10169.5452465
BAZ_CE4_04_02_W baz_ce4_04_02_c1_p 1705.39979 6122.61905 -7846.98332 6355.69449196 10098.0195929
BAZ_CE4_04_02_N baz_ce4_04_02_c2_p 1763.05438 6315.07979 -7847.02491 6556.56872921 10225.6732511
BAZ_CE4_06_08_N baz_ce4_06_08_c1_p -2643.81516 4606.82828 -7843.54395 5311.55583625 9472.79299348
BAZ_CE4_06_08_W baz_ce4_06_08_c2_p -3242.54746 5606.2626 -7853.04646 6476.44148978 10179.1273238
BAZ_CE4_06_04_W baz_ce4_06_04_c1_p -3117.24802 5545.53933 -7852.42123 6361.62256651 10105.9764918
BAZ_CE4_06_04_N baz_ce4_06_04_c2_p -3214.10003 5722.77162 -7854.00577 6563.57783663 10235.5244444
BAZ_CE4_08_10_N baz_ce4_08_10_c1_p -5121.82598 1382.39222 -7854.12268 5305.10222515 9477.94031907
BAZ_CE4_08_10_W baz_ce4_08_10_c2_p -6252.7671 1660.28409 -7856.0268 6469.43889888 10176.9738502
BAZ_CE4_08_06_W baz_ce4_08_06_c1_p -6122.8435 1706.19845 -7856.15321 6356.12505197 10105.4178011
BAZ_CE4_10_12_N baz_ce4_10_12_c1_p -5070.25246 -2926.76876 -7852.91623 5854.35183284 9794.98487482
BAZ_CE4_10_12_W baz_ce4_10_12_c2_p -5593.17729 -3243.63121 -7853.03497 6465.66126733 10172.2629667
BAZ_CE4_10_08_W baz_ce4_10_08_c1_p -5532.77655 -3120.54197 -7853.30584 6352.11764208 10100.6836974
BAZ_CE4_10_08_N baz_ce4_10_08_c2_p -5710.11247 -3218.02049 -7853.33811 6554.46720139 10229.171998
BAZ_CE4_12_14_N baz_ce4_12_14_c1_p -1378.79348 -5093.92209 -7853.02349 5277.22594925 9461.45293567
BAZ_CE4_12_14_W baz_ce4_12_14_c2_p -1665.99215 -6246.9181 -7852.89302 6465.2544878 10171.8948272
BAZ_CE4_12_10_W baz_ce4_12_10_c1_p -1710.68239 -6116.9544 -7852.83382 6351.65847406 10100.0279394
BAZ_CE4_14_12_W baz_ce4_14_12_c1_p 3052.27733 -5545.26833 -7852.76096 6329.80234691 10086.240749
BAZ_CE4_14_12_N baz_ce4_14_12_c2_p 3147.34081 -5745.15775 -7852.24015 6550.77031704 10225.9604498
BAZ_CE4_12_10_N fix_baz_ce4_12_10_c2_p -1774.09136 -6309.0218 -7852.84227 6553.71316328 10228.3081663
BAZ_CEM_16_02_C1 baz_cem_16_02_c1_p 3558.0755 -1242.5589 -14095.26578 3768.80005886 14590.4205317
BAZ_CEM_16_02_C3 baz_cem_16_02_c3_p 5946.28474 -1843.58319 -14091.30078 6225.52015398 15405.2542615
BAZ_CEM_16_02_C4 baz_cem_16_02_c4_p 6930.56202 -2084.05606 -14090.30907 7237.12509041 15840.2269322
BAZ_CEM_16_02_C5 baz_cem_16_02_c5_p 10291.07286 -2929.97878 -14088.97563 10700.044685 17691.5287797
BAZ_CEM_16_14_C1 baz_cem_16_14_c1_p 3424.76466 -1280.2233 -14095.29081 3656.22546819 14561.7721343
BAZ_CEM_16_14_C2 baz_cem_16_14_c2_p 3868.74064 -1396.74267 -14094.13007 4113.15502088 14682.0484489
BAZ_CEM_16_14_C3 baz_cem_16_14_c3_p 5810.82931 -1881.18048 -14091.04515 6107.74731536 15357.8035763
BAZ_CEM_16_14_C4 baz_cem_16_14_c4_p 8551.70787 -2568.18104 -14089.0029 8929.01233889 16680.1458046
BAZ_CEM_16_14_C5 baz_cem_16_14_c5_p 9939.97698 -2918.95914 -14088.45483 10359.7038965 17487.3675641
BAZ_CEM_02_04_C1 baz_cem_02_04_c1_p 3394.94222 1637.58115 -14092.8155 3769.25784472 14588.1716955
BAZ_CEM_02_04_C2 baz_cem_02_04_c2_p 3786.11197 1877.60711 -14092.36844 4226.1155106 14712.4063483
BAZ_CEM_02_04_C3 baz_cem_02_04_c3_p 5507.88713 2903.52034 -14089.9587 6226.33527861 15404.3561102
BAZ_CEM_02_04_C4 baz_cem_02_04_c4_p 6372.89228 3431.0483 -14089.49416 7237.80688119 15839.8135764
BAZ_CEM_02_04_C5 baz_cem_02_04_c5_p 9349.07303 5206.62483 -14089.57066 10701.1265127 17692.6569521
BAZ_CEM_02_16_C1 baz_cem_02_16_c1_p 3327.55526 1516.81972 -14092.77903 3656.96131663 14559.5256399
BAZ_CEM_02_16_C2 baz_cem_02_16_c2_p 3723.44319 1747.45531 -14092.21564 4113.10457557 14680.196555
BAZ_CEM_02_16_C3 baz_cem_02_16_c3_p 5437.9956 2780.41817 -14089.94974 6107.57900855 15356.7315866
BAZ_CEM_02_16_C4 baz_cem_02_16_c4_p 7862.35665 4234.26483 -14088.90662 8930.04203475 16680.6157107
BAZ_CEM_02_16_C5 baz_cem_02_16_c5_p 9092.26692 4964.02505 -14089.06948 10359.0956382 17487.5024304
BAZ_CEM_04_06_C1 baz_cem_04_06_c1_p 1233.05055 3556.4665 -14097.39466 3764.15563234 14591.2783478
BAZ_CEM_04_06_C3 baz_cem_04_06_c3_p 1831.84414 5945.17492 -14097.45628 6220.99331157 15409.0567962
BAZ_CEM_04_06_C4 baz_cem_04_06_c4_p 2071.46922 6929.5036 -14097.55517 7232.4964481 15844.5595282
BAZ_CEM_04_06_C5 baz_cem_04_06_c5_p 2922.1909 10289.12606 -14099.75453 10696.0420126 17697.6945544
BAZ_CEM_04_02_C1 baz_cem_04_02_c1_p 1269.82376 3423.19249 -14097.31192 3651.12300602 14562.4483716
BAZ_CEM_04_02_C2 baz_cem_04_02_c2_p 1386.40681 3867.05973 -14097.20785 4108.07434185 14683.580761
BAZ_CEM_04_02_C3 baz_cem_04_02_c3_p 1869.35211 5809.85825 -14097.30016 6103.1901655 15361.7317382
BAZ_CEM_04_02_C4 baz_cem_04_02_c4_p 2558.22228 8550.44093 -14098.37366 8924.93929006 16685.8826913
BAZ_CEM_04_02_C5 baz_cem_04_02_c5_p 2912.73269 9936.04908 -14099.42964 10354.1819109 17492.9414112
BAZ_CEM_06_08_C1 baz_cem_06_08_c1_p -1649.5097 3389.58352 -14094.94 3769.63641343 14590.3218708
BAZ_CEM_06_08_C2 baz_cem_06_08_c2_p -1888.53258 3781.4849 -14094.79935 4226.84082438 14714.9431556
BAZ_CEM_06_08_C3 baz_cem_06_08_c3_p -2917.02881 5501.1667 -14095.50056 6226.70796967 15409.5758597
BAZ_CEM_06_08_C4 baz_cem_06_08_c4_p -3443.72682 6366.66822 -14096.68441 7238.35054652 15846.4579635
BAZ_CEM_06_08_C5 baz_cem_06_08_c5_p -5211.52934 9347.09766 -14103.38379 10701.7882958 17704.0590559
BAZ_CEM_06_04_C1 baz_cem_06_04_c1_p -1528.54476 3321.78845 -14095.07075 3656.60055104 14561.6533071
BAZ_CEM_06_04_C2 baz_cem_06_04_c2_p -1758.99567 3718.36655 -14094.69183 4113.43111857 14682.6650629
BAZ_CEM_06_04_C3 baz_cem_06_04_c3_p -2793.6778 5432.20769 -14095.46625 6108.47902816 15362.1510487
BAZ_CEM_06_04_C4 baz_cem_06_04_c4_p -4243.86859 7858.60843 -14099.39656 8931.30153255 16690.150701
BAZ_CEM_06_04_C5 baz_cem_06_04_c5_p -4969.44868 9090.92357 -14102.47238 10360.5169533 17499.1439438
BAZ_CEM_08_10_C1 baz_cem_08_10_c1_p -3570.4408 1231.69765 -14089.21988 3776.9202543 14586.6803432
BAZ_CEM_08_10_C2 baz_cem_08_10_c2_p -4016.66845 1340.27672 -14089.35808 4234.37918985 14711.8992054
BAZ_CEM_08_10_C3 baz_cem_08_10_c3_p -5959.41213 1830.051 -14089.26674 6234.07407702 15406.852919
BAZ_CEM_08_10_C4 baz_cem_08_10_c4_p -6944.30469 2069.18671 -14088.90888 7246.02658485 15843.0506752
BAZ_CEM_08_10_C5 baz_cem_08_10_c5_p -10300.56439 2931.27088 -14086.82635 10709.5273343 17695.5545926
BAZ_CEM_08_06_C1 baz_cem_08_06_c1_p -3437.50805 1270.12014 -14089.13941 3664.65097436 14557.9365323
BAZ_CEM_08_06_C2 baz_cem_08_06_c2_p -3881.39894 1386.89415 -14089.16822 4121.73908863 14679.6932613
BAZ_CEM_08_06_C3 baz_cem_08_06_c3_p -5823.91511 1868.57418 -14089.16102 6116.33523236 15359.4926649
BAZ_CEM_08_06_C4 baz_cem_08_06_c4_p -8563.71653 2560.8208 -14087.88452 8938.40276425 16684.2301058
BAZ_CEM_08_06_C5 baz_cem_08_06_c5_p -9948.39739 2920.95667 -14086.95826 10368.3459866 17491.283301
BAZ_CEM_10_12_C1 baz_cem_10_12_c1_p -3395.17278 -1650.61631 -14096.85414 3775.14667382 14593.5954807
BAZ_CEM_10_12_C2 baz_cem_10_12_c2_p -3786.88507 -1889.58983 -14096.03338 4232.14464061 14717.6494492
BAZ_CEM_10_12_C3 baz_cem_10_12_c3_p -5509.06746 -2915.20354 -14093.45946 6232.83530654 15410.1860959
BAZ_CEM_10_12_C4 baz_cem_10_12_c4_p -6373.66607 -3442.84684 -14092.91639 7244.08817834 15845.7283175
BAZ_CEM_10_12_C5 baz_cem_10_12_c5_p -9353.92065 -5209.15356 -14092.14403 10706.5920039 17698.0121963
BAZ_CEM_10_08_C1 baz_cem_10_08_c1_p -3327.53288 -1530.73661 -14096.57753 3662.73526708 14564.6533668
BAZ_CEM_10_08_C2 baz_cem_10_08_c2_p -3724.37438 -1760.9097 -14095.86638 4119.68050872 14685.544474
BAZ_CEM_10_08_C3 baz_cem_10_08_c3_p -5438.88355 -2793.11793 -14093.25535 6114.16077981 15362.3829012
BAZ_CEM_10_08_C4 baz_cem_10_08_c4_p -7865.58826 -4241.13267 -14091.74012 8936.14486232 16686.2765352
BAZ_CEM_10_08_C5 baz_cem_10_08_c5_p -9098.3091 -4967.79576 -14091.70489 10366.2058243 17493.8380551
BAZ_CEM_12_14_C1 baz_cem_12_14_c1_p -1241.02314 -3570.45592 -14100.06289 3779.98596699 14597.9473698
BAZ_CEM_12_14_C2 baz_cem_12_14_c2_p -1347.90453 -4016.72501 -14100.81347 4236.85336399 14723.5820011
BAZ_CEM_12_14_C3 baz_cem_12_14_c3_p -1838.85068 -5959.26677 -14104.27794 6236.52405266 15421.5721789
BAZ_CEM_12_14_C4 baz_cem_12_14_c4_p -2077.19079 -6943.86523 -14105.77431 7247.89527452 15858.90459
BAZ_CEM_12_14_C5 baz_cem_12_14_c5_p -2925.57741 -10302.5054 -14109.86337 10709.8375664 17714.0866267
BAZ_CEM_12_10_C1 baz_cem_12_10_c1_p -1277.57835 -3437.6654 -14099.79077 3667.39005871 14568.9344017
BAZ_CEM_12_10_C2 baz_cem_12_10_c2_p -1393.67699 -3881.80352 -14100.46622 4124.4071235 14691.2859118
BAZ_CEM_12_10_C3 baz_cem_12_10_c3_p -1877.07985 -5822.98802 -14104.0251 6118.05673759 15373.8135238
BAZ_CEM_12_10_C4 baz_cem_12_10_c4_p -2564.17022 -8563.95046 -14107.89557 8939.58703736 16701.7643922
BAZ_CEM_12_10_C5 baz_cem_12_10_c5_p -2919.11176 -9949.50334 -14109.38111 10368.8876057 17509.667772
BAZ_CEM_14_16_C1 baz_cem_14_16_c1_p 1640.1252 -3403.09526 -14097.38405 3777.70671444 14594.7697849
BAZ_CEM_14_16_C2 baz_cem_14_16_c2_p 1880.61871 -3793.21628 -14097.64891 4233.81819157 14719.6780287
BAZ_CEM_14_16_C3 baz_cem_14_16_c3_p 2904.87488 -5515.94256 -14099.56688 6234.09338987 15416.2805695
BAZ_CEM_14_16_C4 baz_cem_14_16_c4_p 3432.53038 -6380.45799 -14100.5926 7245.1714246 15853.0508308
BAZ_CEM_14_16_C5 baz_cem_14_16_c5_p 5208.396 -9354.70887 -14105.43488 10706.9121102 17708.790475
BAZ_CEM_14_12_C2 baz_cem_14_12_c2_p 1752.48074 -3730.66594 -14097.73757 4121.77839045 14687.9291152
BAZ_CEM_14_12_C3 baz_cem_14_12_c3_p 2781.90278 -5445.86934 -14099.6012 6115.26581153 15368.6443756
BAZ_CEM_14_12_C4 baz_cem_14_12_c4_p 4236.20993 -7870.52969 -14102.84168 8938.16044677 16696.7318845
BAZ_CEM_14_12_C5 baz_cem_14_12_c5_p 4964.94188 -9100.1031 -14105.08273 10366.4132805 17504.7388762
BAZ_CEM_16_02_C2 fix_baz_cem_16_02_c2_p 4004.07416 -1350.52665 -14094.34819 4225.69900858 14714.1830562
BAZ_CEM_04_06_C2 fix_baz_cem_04_06_c2_p 1340.58605 4002.66709 -14097.43184 4221.19826481 14715.845177
BAZ_CEM_14_12_C1 fix_baz_cem_14_12_c1_p 1519.67033 -3334.33336 -14097.3706 3664.31124053 14565.8173372
BAZ_CEO_16_02_C1 baz_ceo_16_02_c1_p 4937.3865 -1595.06494 -21636.30851 5188.64313797 22249.7609774
BAZ_CEO_16_02_C2 baz_ceo_16_02_c2_p 5642.82038 -1784.5158 -21636.4184 5918.2698892 22431.2398155
BAZ_CEO_16_02_C3 baz_ceo_16_02_c3_p 6763.37829 -2080.20259 -21636.60484 7076.05318727 22764.2965565
BAZ_CEO_16_02_C4 baz_ceo_16_02_c4_p 8395.38871 -2522.87955 -21636.64983 8766.26903624 23345.0656174
BAZ_CEO_16_02_C5 baz_ceo_16_02_c5_p 11460.04353 -3358.38769 -21636.22249 11942.0000664 24713.1035935
BAZ_CEO_16_02_C6 baz_ceo_16_02_c6_p 11227.51945 -3292.06208 -21636.3771 11700.2079357 24597.310417
BAZ_CEO_16_14_C1 baz_ceo_16_14_c1_p 4162.94718 -1470.49736 -21635.7079 4415.03020479 22081.5839116
BAZ_CEO_16_14_C2 baz_ceo_16_14_c2_p 6358.77136 -2048.96184 -21636.04785 6680.73482714 22644.0010687
BAZ_CEO_16_14_C3 baz_ceo_16_14_c3_p 6514.74565 -2093.21033 -21635.92146 6842.76554982 22692.2131533
BAZ_CEO_16_14_C4 baz_ceo_16_14_c4_p 8143.10492 -2541.09427 -21635.98822 8530.37618321 23256.8979893
BAZ_CEO_16_14_C5 baz_ceo_16_14_c5_p 10919.08223 -3292.55015 -21635.80636 11404.7026807 24457.623762
BAZ_CEO_16_14_C6 baz_ceo_16_14_c6_p 11326.44968 -3395.74473 -21635.68734 11824.5314759 24656.0846709
BAZ_CEO_02_04_C1 baz_ceo_02_04_c1_p 4618.60092 2368.12476 -21636.37695 5190.32651547 22250.2201531
BAZ_CEO_02_04_C3 baz_ceo_02_04_c3_p 6251.00709 3318.93036 -21636.44087 7077.45634912 22764.5769101
BAZ_CEO_02_04_C4 baz_ceo_02_04_c4_p 7717.2021 4162.747 -21636.65452 8768.33341281 23345.8452333
BAZ_CEO_02_04_C5 baz_ceo_02_04_c5_p 10469.37893 5748.25052 -21637.71765 11943.6292315 24715.1998641
BAZ_CEO_02_04_C6 baz_ceo_02_04_c6_p 10259.63972 5629.18836 -21637.77165 11702.4770359 24599.6164758
BAZ_CEO_02_16_C1 baz_ceo_02_16_c1_p 3983.33514 1907.67088 -21636.57777 4416.57865592 22082.7458578
BAZ_CEO_02_16_C2 baz_ceo_02_16_c2_p 5943.09081 3054.49233 -21636.35213 6682.08438812 22644.6900015
BAZ_CEO_02_16_C3 baz_ceo_02_16_c3_p 6084.9354 3134.13379 -21636.46097 6844.64998636 22693.2958545
BAZ_CEO_02_16_C4 baz_ceo_02_16_c4_p 7550.96367 3972.3544 -21636.55015 8532.09539474 23258.0513848
BAZ_CEO_02_16_C5 baz_ceo_02_16_c5_p 10041.77892 5411.78455 -21637.45586 11407.2229703 24460.2582159
BAZ_CEO_02_16_C6 baz_ceo_02_16_c6_p 10402.06696 5629.09903 -21637.92884 11827.4998596 24659.4752056
BAZ_CEO_04_06_C1 baz_ceo_04_06_c1_p 1593.05388 4943.03163 -21634.94428 5193.39795892 22249.5437337
BAZ_CEO_04_06_C3 baz_ceo_04_06_c3_p 2073.73809 6769.43052 -21635.39514 7079.94203585 22764.3559561
BAZ_CEO_04_06_C4 baz_ceo_04_06_c4_p 2513.59278 8402.30226 -21635.7005 8770.22416658 23345.6712916
BAZ_CEO_04_06_C5 baz_ceo_04_06_c5_p 3337.2152 11470.60128 -21637.33056 11946.2001915 24716.1035112
BAZ_CEO_04_06_C6 baz_ceo_04_06_c6_p 3273.90564 11238.27781 -21637.21912 11705.4408834 24600.5405941
BAZ_CEO_04_02_C1 baz_ceo_04_02_c1_p 1466.22015 4167.96858 -21634.74235 4418.34398979 22081.30069
BAZ_CEO_04_02_C2 baz_ceo_04_02_c2_p 2042.93752 6364.57602 -21635.30587 6684.41632643 22644.3785897
BAZ_CEO_04_02_C3 baz_ceo_04_02_c3_p 2086.6425 6521.12271 -21635.37962 6846.8327219 22692.923338
BAZ_CEO_04_02_C4 baz_ceo_04_02_c4_p 2530.90845 8150.47732 -21635.51365 8534.38797607 23257.9283047
BAZ_CEO_04_02_C5 baz_ceo_04_02_c5_p 3272.99697 10929.22499 -21636.88667 11408.7890702 24460.4851305
BAZ_CEO_04_02_C6 baz_ceo_04_02_c6_p 3374.17195 11337.45755 -21637.20166 11828.9044314 24659.5108573
BAZ_CEO_06_08_C1 baz_ceo_06_08_c1_p -2373.64046 4609.533 -21635.02485 5184.78191551 22247.6125409
BAZ_CEO_06_08_C3 baz_ceo_06_08_c3_p -3318.92244 6244.89302 -21635.2959 7072.05309609 22761.8093234
BAZ_CEO_06_08_C4 baz_ceo_06_08_c4_p -4159.56535 7712.36543 -21635.47166 8762.56608687 23342.5833698
BAZ_CEO_06_08_C5 baz_ceo_06_08_c5_p -5746.45229 10463.46755 -21635.46985 11937.5821292 24710.3100491
BAZ_CEO_06_08_C6 baz_ceo_06_08_c6_p -5627.39479 10253.84243 -21635.5056 11696.5318237 24594.7953695
BAZ_CEO_06_04_C1 baz_ceo_06_04_c1_p -1917.64214 3970.51038 -21634.59408 4409.34281439 22079.3560835
BAZ_CEO_06_04_C2 baz_ceo_06_04_c2_p -3055.45502 5936.3137 -21635.04126 6676.49801348 22641.7895946
BAZ_CEO_06_04_C3 baz_ceo_06_04_c3_p -3135.52899 6077.92256 -21635.00685 6839.05583341 22690.2226982
BAZ_CEO_06_04_C4 baz_ceo_06_04_c4_p -3969.37705 7545.90412 -21635.12251 8526.2314743 23254.5726509
BAZ_CEO_06_04_C5 baz_ceo_06_04_c5_p -5408.21748 10036.97481 -21635.35525 11401.3016646 24455.6389498
BAZ_CEO_06_04_C6 baz_ceo_06_04_c6_p -5625.62668 10397.08898 -21635.30609 11821.4692319 24654.2816648
BAZ_CEO_08_10_C1 baz_ceo_08_10_c1_p -4940.57789 1591.51935 -21635.46613 5190.59184762 22249.3963601
BAZ_CEO_08_10_C3 baz_ceo_08_10_c3_p -6766.05971 2076.43239 -21634.24256 7077.50912889 22762.5039619
BAZ_CEO_08_10_C4 baz_ceo_08_10_c4_p -8399.06335 2517.88919 -21634.47227 8768.35395787 23343.8304811
BAZ_CEO_08_10_C5 baz_ceo_08_10_c5_p -11468.55577 3331.13606 -21635.75027 11942.5390474 24712.9506261
BAZ_CEO_08_10_C6 baz_ceo_08_10_c6_p -11236.44936 3271.08903 -21635.51069 11702.8978318 24597.8279626
BAZ_CEO_08_06_C1 baz_ceo_08_06_c1_p -4166.67493 1461.90722 -21636.11903 4415.69390834 22082.1194493
BAZ_CEO_08_06_C2 baz_ceo_08_06_c2_p -6361.47755 2046.00648 -21634.88078 6682.4051909 22643.3788446
BAZ_CEO_08_06_C3 baz_ceo_08_06_c3_p -6517.33201 2089.77999 -21634.87727 6844.17978542 22691.6440881
BAZ_CEO_08_06_C4 baz_ceo_08_06_c4_p -8146.5135 2534.8225 -21634.74038 8531.76460717 23256.2464431
BAZ_CEO_08_06_C5 baz_ceo_08_06_c5_p -10927.2651 3271.27794 -21635.68526 11406.4184531 24458.3167572
BAZ_CEO_08_06_C6 baz_ceo_08_06_c6_p -11335.74743 3370.5939 -21635.86121 11826.2450945 24657.0590974
BAZ_CEO_10_12_C1 baz_ceo_10_12_c1_p -4618.6106 -2372.55355 -21636.55559 5192.35728952 22250.867669
BAZ_CEO_10_12_C3 baz_ceo_10_12_c3_p -6253.18772 -3319.05914 -21635.98606 7079.44279138 22764.7623099
BAZ_CEO_10_12_C4 baz_ceo_10_12_c4_p -7718.35164 -4162.80108 -21635.30705 8769.37083663 23344.9861002
BAZ_CEO_10_12_C5 baz_ceo_10_12_c5_p -10465.50218 -5757.13608 -21634.5303 11944.5113639 24712.8357949
BAZ_CEO_10_12_C6 baz_ceo_10_12_c6_p -10257.71113 -5636.27421 -21634.55151 11704.1968796 24597.6023961
BAZ_CEO_10_08_C1 baz_ceo_10_08_c1_p -3979.03356 -1917.37618 -21636.84032 4416.90383495 22083.068141
BAZ_CEO_10_08_C2 baz_ceo_10_08_c2_p -5944.60071 -3055.14785 -21636.28093 6683.72695333 22645.1067224
BAZ_CEO_10_08_C3 baz_ceo_10_08_c3_p -6086.27788 -3133.8246 -21636.25167 6845.70194035 22693.4136124
BAZ_CEO_10_08_C4 baz_ceo_10_08_c4_p -7553.1156 -3970.99233 -21635.43659 8533.36600363 23257.4816305
BAZ_CEO_10_08_C5 baz_ceo_10_08_c5_p -10039.93758 -5416.94674 -21634.643 11408.0523576 24458.1568466
BAZ_CEO_10_08_C6 baz_ceo_10_08_c6_p -10399.08036 -5636.65647 -21634.62638 11828.4727879 24657.0441679
BAZ_CEO_12_14_C1 baz_ceo_12_14_c1_p -1591.67299 -4945.24031 -21638.25559 5195.076961 22253.1554978
BAZ_CEO_12_14_C3 baz_ceo_12_14_c3_p -2076.55785 -6770.45089 -21638.46278 7081.74397718 22767.8318959
BAZ_CEO_12_14_C4 baz_ceo_12_14_c4_p -2519.99352 -8403.38474 -21637.83385 8773.09765301 23348.7279343
BAZ_CEO_12_14_C5 baz_ceo_12_14_c5_p -3339.18707 -11470.93656 -21636.3827 11947.0731082 24715.6956648
BAZ_CEO_12_14_C6 baz_ceo_12_14_c6_p -3277.79556 -11238.91386 -21636.55593 11707.1400643 24600.765862
BAZ_CEO_12_10_C1 baz_ceo_12_10_c1_p -1464.03641 -4170.05355 -21637.79581 4419.5869965 22084.5411257
BAZ_CEO_12_10_C2 baz_ceo_12_10_c2_p -2044.99489 -6366.43116 -21637.96735 6686.81163299 22647.6285923
BAZ_CEO_12_10_C3 baz_ceo_12_10_c3_p -2088.62309 -6522.31042 -21637.92794 6848.56770624 22695.8763912
BAZ_CEO_12_10_C4 baz_ceo_12_10_c4_p -2535.58834 -8150.47784 -21637.30019 8535.77748364 23260.1001022
BAZ_CEO_12_10_C5 baz_ceo_12_10_c5_p -3278.46173 -10929.1742 -21636.03987 11410.3093739 24460.4452385
BAZ_CEO_12_10_C6 baz_ceo_12_10_c6_p -3378.91227 -11337.89883 -21635.86985 11830.6803696 24659.1942726
BAZ_CEO_14_16_C1 baz_ceo_14_16_c1_p 2370.71333 -4620.42388 -21636.30416 5193.1299352 22250.8034962
BAZ_CEO_14_16_C3 baz_ceo_14_16_c3_p 3316.40501 -6256.91161 -21636.70797 7081.48890317 22766.0847944
BAZ_CEO_14_16_C4 baz_ceo_14_16_c4_p 4156.16837 -7724.84781 -21637.17097 8771.94443709 23347.68033
BAZ_CEO_14_16_C5 baz_ceo_14_16_c5_p 5732.96436 -10482.12703 -21637.93985 11947.4628029 24717.2471845
BAZ_CEO_14_16_C6 baz_ceo_14_16_c6_p 5614.75981 -10272.40444 -21637.72716 11706.7425317 24601.6068043
BAZ_CEO_14_12_C1 baz_ceo_14_12_c1_p 1911.20571 -3985.32736 -21636.23994 4419.90287589 22083.0799522
BAZ_CEO_14_12_C2 baz_ceo_14_12_c2_p 3053.34129 -5948.6518 -21636.84185 6686.50516121 22646.4627815
BAZ_CEO_14_12_C3 baz_ceo_14_12_c3_p 3132.07415 -6090.14738 -21636.95258 6848.34166724 22694.8782887
BAZ_CEO_14_12_C4 baz_ceo_14_12_c4_p 3966.3648 -7558.65049 -21637.34229 8536.11427739 23260.2628603
BAZ_CEO_14_12_C5 baz_ceo_14_12_c5_p 5398.11481 -10053.24118 -21638.22549 11410.8414118 24462.6266799
BAZ_CEO_14_12_C6 baz_ceo_14_12_c6_p 5611.13923 -10414.75289 -21638.13525 11830.129383 24660.9176292
BAZ_CEL_16_02_C1 baz_cel_16_02_c1_p 6961.69811 -2057.71114 -11140.92162 7259.43632181 13297.3512495
BAZ_CEL_16_02_C2 baz_cel_16_02_c2_p 9049.26511 -2637.96924 -11142.5095 9425.92598858 14594.6428082
BAZ_CEL_16_02_C3 baz_cel_16_02_c3_p 9120.11977 -2688.68108 -11142.49775 9508.18545092 14647.8956399
BAZ_CEL_16_14_C1 baz_cel_16_14_c1_p 7086.16719 -2170.73362 -11141.1672 7411.19760185 13381.0110407
BAZ_CEL_16_14_C3 baz_cel_16_14_c2_p 7478.1408 -2285.65797 -11141.4658 7819.64335379 13611.7259138
BAZ_CEL_16_14_C2 baz_cel_16_14_c3_p 8728.13437 -2629.00865 -11142.19875 9115.48221777 14395.8538839
BAZ_CES_16_02_C1 baz_ces_16_02_c1_p 6082.88838 -1598.5753 -10102.22265 6289.43352245 11900.0788444
BAZ_CES_16_02_C2 baz_ces_16_02_c2_p 6929.23593 -1892.81938 -10100.76626 7183.11045292 12394.4566165
BAZ_CES_16_02_C3 baz_ces_16_02_c3_p 8428.12467 -2424.21659 -10098.82097 8769.8410207 13375.2120175
BAZ_CES_16_14_C1 baz_ces_16_14_c1_p 6276.76379 -1746.11424 -10101.57048 6515.11155811 12020.3329728
BAZ_CES_16_14_C2 baz_ces_16_14_c2_p 7806.00918 -2285.38403 -10099.25894 8133.68056189 12967.3355251
BAZ_CES_16_14_C3 baz_ces_16_14_c3_p 8561.57077 -2552.3338 -10098.37176 8933.91861818 13483.0268886
BAZ_CEL_02_04_C1 baz_cel_02_04_c1_p 6379.3426 3465.09707 -11144.96047 7259.67697027 13300.8666481
BAZ_CEL_02_04_C2 baz_cel_02_04_c2_p 8260.81023 4537.43182 -11143.67583 9424.92828499 14594.8889746
BAZ_CEL_02_04_C3 baz_cel_02_04_c3_p 8346.88442 4551.09995 -11143.41034 9506.99691152 14647.8184137
BAZ_CEL_02_16_C1 baz_cel_02_16_c1_p 6546.23685 3472.71738 -11144.68977 7410.32947295 13383.4634145
BAZ_CEL_02_16_C3 baz_cel_02_16_c2_p 6904.14189 3669.92075 -11144.49175 7818.91895012 13613.7867588
BAZ_CEL_02_16_C2 baz_cel_02_16_c3_p 8029.3221 4315.4689 -11143.55199 9115.55183258 14396.9453762
BAZ_CES_02_04_C1 baz_ces_02_04_c1_p 5434.00341 3174.76746 -10099.28237 6293.45227081 11899.7078062
BAZ_CES_02_04_C2 baz_ces_02_04_c2_p 6240.79281 3564.45342 -10099.69355 7186.98984838 12395.8312704
BAZ_CES_02_04_C3 baz_ces_02_04_c3_p 7677.62081 4246.1845 -10100.68024 8773.59356878 13379.0764039
BAZ_CES_02_16_C1 baz_ces_02_16_c1_p 5675.50988 3205.99297 -10099.45447 6518.42030876 12020.3487434
BAZ_CES_02_16_C2 baz_ces_02_16_c2_p 7139.57076 3902.39293 -10099.95876 8136.46982525 12969.6302249
BAZ_CES_02_16_C3 baz_ces_02_16_c3_p 7862.60321 4249.38044 -10100.77029 8937.43606197 13487.1540294
BAZ_CEL_04_06_C1 baz_cel_04_06_c1_p 2130.76697 7228.44706 -11003.15998 7535.95480212 13336.4217212
BAZ_CEL_04_06_C2 baz_cel_04_06_c2_p 2254.0864 7660.22069 -11003.03616 7984.97880512 13595.0980598
BAZ_CEL_04_02_C1 baz_cel_04_02_c1_p 2171.61559 7090.48869 -11145.09775 7415.58791558 13386.7153548
BAZ_CEL_04_02_C3 baz_cel_04_02_c2_p 2286.74946 7481.96971 -11144.88745 7823.62408569 13616.8135078
BAZ_CEL_04_02_C2 baz_cel_04_02_c3_p 2629.46999 8732.38052 -11145.08972 9119.68102372 14400.750218
BAZ_CES_04_06_C1 baz_ces_04_06_c1_p 1593.36045 6076.01494 -10101.45385 6281.4612213 11895.2143721
BAZ_CES_04_06_C2 baz_ces_04_06_c2_p 1888.11976 6921.71868 -10101.46404 7174.62094561 12390.1074033
BAZ_CES_04_06_C3 baz_ces_04_06_c3_p 2420.64588 8419.77273 -10101.03457 8760.8275466 13370.975981
BAZ_CES_04_02_C1 baz_ces_04_02_c1_p 1740.40057 6269.17578 -10101.7986 6506.27075248 12015.7352692
BAZ_CES_04_02_C2 baz_ces_04_02_c2_p 2283.00731 7796.67352 -10101.39129 8124.05319745 12962.9605549
BAZ_CES_04_02_C3 baz_ces_04_02_c3_p 2549.97133 8552.79691 -10100.84351 8924.83550367 13478.8622807
BAZ_CEL_06_08_C1 baz_cel_06_08_c1_p -3468.81563 6382.19226 -11145.31633 7263.95621673 13303.5008932
BAZ_CEL_06_08_C2 baz_cel_06_08_c2_p -4534.52057 8267.66762 -11146.11725 9429.53894284 14599.7306285
BAZ_CEL_06_08_C3 baz_cel_06_08_c3_p -4548.94843 8353.42298 -11146.05738 9511.70895799 14652.8905824
BAZ_CEL_06_04_C1 baz_cel_06_04_c1_p -3485.87585 6566.52288 -11003.56573 7434.41680128 13279.6465295
BAZ_CEL_06_04_C2 baz_cel_06_04_c2_p -4213.40904 7849.23394 -11003.86262 8908.60758947 14157.9759056
BAZ_CES_06_08_C1 baz_ces_06_08_c1_p -3099.98838 5513.50353 -10100.83895 6325.23905726 11917.8687954
BAZ_CES_06_08_C2 baz_ces_06_08_c2_p -3517.7089 6277.18759 -10101.72827 7195.64868133 12402.5107936
BAZ_CES_06_08_C3 baz_ces_06_08_c3_p -4257.61798 7657.63283 -10103.11724 8761.65802932 13373.0934861
BAZ_CES_06_04_C1 baz_ces_06_04_c1_p -3106.56348 5681.59171 -10101.29499 6475.43211025 11998.6408184
BAZ_CES_06_04_C2 baz_ces_06_04_c2_p -3889.03705 7135.72249 -10102.75593 8126.69333927 12965.6786175
BAZ_CES_06_04_C3 baz_ces_06_04_c3_p -4277.50778 7856.27048 -10103.08161 8945.28136298 13494.084507
BAZ_CEL_08_10_C1 baz_cel_08_10_c1_p -6962.7901 2064.1675 -11142.87001 7262.31598354 13300.5558344
BAZ_CEL_08_10_C2 baz_cel_08_10_c2_p -9051.43094 2636.72549 -11141.8388 9427.65736391 14595.2490632
BAZ_CEL_08_10_C3 baz_cel_08_10_c3_p -9123.35607 2689.58005 -11141.59849 9511.54387181 14649.3919238
BAZ_CEL_08_06_C1 baz_cel_08_06_c1_p -7086.81458 2177.57045 -11142.84889 7413.82181847 13383.8647386
BAZ_CEL_08_06_C3 baz_cel_08_06_c2_p -7479.61884 2291.24228 -11142.78412 7822.69066098 13614.5557079
BAZ_CEL_08_06_C2 baz_cel_08_06_c3_p -8730.99426 2630.7854 -11142.19859 9118.73305833 14397.9124184
BAZ_CES_08_10_C1 baz_ces_08_10_c1_p -6083.96558 1600.91379 -10100.97272 6291.07003153 11899.8828579
BAZ_CES_08_10_C2 baz_ces_08_10_c2_p -6930.119 1894.87231 -10100.71308 7184.50349192 12395.2206576
BAZ_CES_08_10_C3 baz_ces_08_10_c3_p -8428.92038 2425.89405 -10100.37971 8771.0695308 13377.1944368
BAZ_CES_08_06_C1 baz_ces_08_06_c1_p -6276.46883 1748.53377 -10100.83025 6515.47629255 12019.9086127
BAZ_CES_08_06_C2 baz_ces_08_06_c2_p -7805.7051 2287.89679 -10100.42622 8134.09514512 12968.5046808
BAZ_CES_08_06_C3 baz_ces_08_06_c3_p -8560.35526 2556.09333 -10100.3271 8933.82870269 13484.4318685
BAZ_CEL_10_12_C1 baz_cel_10_12_c1_p -6399.60072 -3476.71781 -11143.87903 7283.02520288 13312.7193293
BAZ_CEL_10_12_C2 baz_cel_10_12_c2_p -6707.6954 -3651.65756 -11144.3435 7637.2626323 13510.1507231
BAZ_CEL_10_12_C3 baz_cel_10_12_c3_p -7673.42016 -4203.35912 -11145.40072 8749.26310289 14169.3176283
BAZ_CEL_10_08_C1 baz_cel_10_08_c1_p -6546.71322 -3474.42031 -11143.38376 7411.54845329 13383.0509264
BAZ_CEL_10_08_C3 baz_cel_10_08_c2_p -6904.57479 -3672.71117 -11143.85456 7820.6112529 13614.2372105
BAZ_CEL_10_08_C2 baz_cel_10_08_c3_p -8030.07065 -4315.85184 -11145.21506 9116.39247448 14398.7648943
BAZ_CEL_10_12_C4 baz_cel_10_12_c4_p -8341.63196 -4583.25759 -11146.01475 9517.82926367 14656.8318098
BAZ_CES_10_12_C1 baz_ces_10_12_c1_p -5439.68957 -3169.83023 -10100.29527 6295.87534065 11901.8490516
BAZ_CES_10_12_C2 baz_ces_10_12_c2_p -6245.83979 -3560.27627 -10100.04341 7189.30329038 12397.4577509
BAZ_CES_10_12_C3 baz_ces_10_12_c3_p -7680.49692 -4245.65505 -10099.70685 8775.85435965 13379.8242962
BAZ_CES_10_08_C1 baz_ces_10_08_c1_p -5680.0154 -3203.13049 -10100.3118 6520.93704004 12022.4339606
BAZ_CES_10_08_C2 baz_ces_10_08_c2_p -7142.73249 -3901.60416 -10100.25665 8138.86616459 12971.3656506
BAZ_CES_10_08_C3 baz_ces_10_08_c3_p -7865.64134 -4248.62647 -10100.20879 8939.75058775 13488.2674266
BAZ_CEL_12_14_C1 baz_cel_12_14_c1_p -2070.75735 -6983.49102 -11140.175 7284.03616335 13310.1721198
BAZ_CEL_12_14_C2 baz_cel_12_14_c2_p -2164.0182 -7324.90207 -11140.23639 7637.87700248 13507.1104212
BAZ_CEL_12_14_C3 baz_cel_12_14_c3_p -2457.33053 -8398.65678 -11140.64924 8750.76619742 14166.5089041
BAZ_CEL_12_10_C2 baz_cel_12_10_c1_p -2072.29949 -6697.95465 -11140.02798 7011.20686257 13162.7217955
BAZ_CEL_12_10_C3 baz_cel_12_10_c2_p -2495.95147 -8239.09654 -11140.53056 8608.86087331 14079.2012094
BAZ_CEL_12_10_C4 baz_cel_12_10_c3_p -2630.32189 -8734.58117 -11140.90258 9122.03384451 14399.0003735
BAZ_CEL_12_14_C4 baz_cel_12_14_c4_p -2660.67112 -9139.35808 -11140.98626 9518.77286856 14653.6211145
BAZ_CEL_12_10_C1 baz_cel_12_10_c4_p -2651.88126 -8845.48775 -11140.99355 9234.45330014 14470.5516493
BAZ_CES_12_14_C1 baz_ces_12_14_c1_p -1601.62303 -6085.2603 -10098.63641 6292.50262209 11898.657344
BAZ_CES_12_14_C2 baz_ces_12_14_c2_p -1895.27946 -6931.66057 -10098.39645 7186.09786248 12394.2572731
BAZ_CES_12_14_C3 baz_ces_12_14_c3_p -2424.35246 -8431.53954 -10098.60393 8773.16042626 13377.2248692
BAZ_CES_12_10_C1 baz_ces_12_10_c1_p -1748.55909 -6278.62857 -10098.57611 6517.56362541 12019.1461868
BAZ_CES_12_10_C2 baz_ces_12_10_c2_p -2286.36895 -7807.77268 -10098.71065 8135.6497711 12968.1438144
BAZ_CES_12_10_C3 baz_ces_12_10_c3_p -2550.86936 -8565.11881 -10098.58521 8936.90073354 13485.1628824
BAZ_CEL_14_16_C1 baz_cel_14_16_c1_p 3472.86221 -6390.85747 -11137.18375 7273.50198539 13301.9056158
BAZ_CEL_14_16_C2 baz_cel_14_16_c2_p 4537.28784 -8277.85532 -11140.42455 9439.8024154 14602.01797
BAZ_CEL_14_16_C3 baz_cel_14_16_c3_p 4551.31402 -8363.31342 -11140.60061 9521.52669848 14655.1169433
BAZ_CEL_14_12_C2 baz_cel_14_12_c1_p 3280.16883 -6210.13683 -11136.99971 7023.19777599 13166.5511635
BAZ_CEL_14_12_C3 baz_cel_14_12_c2_p 4065.61946 -7602.21923 -11139.49919 8621.07875005 14085.8596123
BAZ_CEL_14_12_C4 baz_cel_14_12_c3_p 4318.76971 -8048.89414 -11140.12416 9134.35650087 14406.2082098
BAZ_CEL_14_12_C1 baz_cel_14_12_c4_p 4382.83433 -8143.07115 -11140.20996 9247.63994315 14478.3673966
BAZ_CES_14_16_C1 baz_ces_14_16_c1_p 3172.48035 -5433.01445 -10098.99603 6291.44479313 11898.4031869
BAZ_CES_14_16_C2 baz_ces_14_16_c2_p 3561.699 -6240.76402 -10099.09659 7185.59916221 12394.5386059
BAZ_CES_14_16_C3 baz_ces_14_16_c3_p 4244.49472 -7677.52378 -10099.25682 8772.69096803 13377.4098815
BAZ_CES_14_12_C1 baz_ces_14_12_c1_p 3203.80383 -5674.94935 -10098.94953 6516.8557684 12019.0761174
BAZ_CES_14_12_C2 baz_ces_14_12_c2_p 3900.17872 -7138.45036 -10099.34368 8134.42484692 12967.8683814
BAZ_CES_14_12_C3 baz_ces_14_12_c3_p 4249.39433 -7861.27065 -10099.33668 8936.27038559 13485.3079231
