BAZ_AEI_16_02_C1 baz_aei_16_02_c1_p 2230.10345 -913.34786 7482.09366 2409.88914912 7860.61646743
BAZ_AEI_16_02_C2 baz_aei_16_02_c2_p 3669.85272 -1278.38591 7484.86048 3886.14069758 8433.57729119
BAZ_AEI_16_14_C1 baz_aei_16_14_c1_p 2436.00739 -1049.202 7482.39901 2652.34930598 7938.59255698
BAZ_AEI_16_14_C2 baz_aei_16_14_c2_p 3578.14284 -1334.03928 7484.65223 3818.73892588 8402.54639904
BAZ_AEI_02_04_C1 baz_aei_02_04_c1_p 2217.90511 931.16731 7478.68577 2405.44707615 7856.01148692
BAZ_AEI_02_04_C2 baz_aei_02_04_c2_p 3493.71596 1691.87341 7479.78677 3881.81489057 8427.08116546
BAZ_AEI_02_16_C1 baz_aei_02_16_c1_p 2460.2115 979.44029 7478.92944 2648.00753519 7933.87228753
BAZ_AEI_02_16_C2 baz_aei_02_16_c2_p 3468.29902 1589.34413 7479.61168 3815.11636201 8396.41016979
BAZ_AEI_04_06_C1 baz_aei_04_06_c1_p 906.74871 2228.54323 7475.33728 2405.9505712 7852.97813577
BAZ_AEI_04_06_C2 baz_aei_04_06_c2_p 1269.87345 3667.84602 7474.5685 3881.45243504 8422.2827824
BAZ_AEI_04_02_C1 baz_aei_04_02_c1_p 1042.52487 2434.55473 7474.92868 2648.37966272 7930.22531893
BAZ_AEI_04_02_C2 baz_aei_04_02_c2_p 1326.66513 3575.96267 7474.26038 3814.1249828 8391.19285992
BAZ_AEI_06_08_C1 baz_aei_06_08_c1_p -938.02309 2214.76066 7472.03844 2405.2135245 7849.61212719
BAZ_AEI_06_08_C2 baz_aei_06_08_c2_p -1696.91071 3491.7446 7470.2875 3882.23985727 8418.84681189
BAZ_AEI_06_04_C1 baz_aei_06_04_c1_p -987.85793 2457.36547 7471.32493 2648.49171096 7926.86599815
BAZ_AEI_06_04_C2 baz_aei_06_04_c2_p -1593.37452 3466.34124 7469.97965 3815.01821137 8387.78635425
BAZ_AEI_08_10_C1 baz_aei_08_10_c1_p -2232.09046 904.8584 7472.5567 2408.52580341 7851.12095056
BAZ_AEI_08_10_C2 baz_aei_08_10_c2_p -3671.9547 1268.6679 7471.72053 3884.94138429 8421.36433351
BAZ_AEI_08_06_C1 baz_aei_08_06_c1_p -2437.03842 1042.17579 7472.10123 2650.52572857 7928.27745662
BAZ_AEI_08_06_C2 baz_aei_08_06_c2_p -3579.89681 1324.49155 7471.5271 3817.05895111 8390.09274337
BAZ_AEI_10_12_C1 baz_aei_10_12_c1_p -2221.80665 -938.85553 7480.18989 2412.0270513 7859.46024143
BAZ_AEI_10_12_C2 baz_aei_10_12_c2_p -3495.24096 -1702.3748 7481.06671 3887.77434121 8430.96367254
BAZ_AEI_10_08_C1 baz_aei_10_08_c1_p -2463.29496 -987.88709 7479.6894 2654.0050796 7936.59224624
BAZ_AEI_10_08_C2 baz_aei_10_08_c2_p -3470.23081 -1595.70906 7480.40307 3819.52736328 8399.12015443
BAZ_AEI_12_14_C1 baz_aei_12_14_c1_p -908.64259 -2236.84921 7480.84449 2414.35824695 7860.79894338
BAZ_AEI_12_14_C2 baz_aei_12_14_c2_p -1271.9182 -3677.24573 7484.30048 3891.00399207 8435.32250369
BAZ_AEI_12_10_C1 baz_aei_12_10_c1_p -1043.57075 -2443.68549 7480.78722 2657.1862344 7938.69108325
BAZ_AEI_12_10_C2 baz_aei_12_10_c2_p -1328.05313 -3585.18363 7483.62246 3823.25342829 8403.68204424
BAZ_AEI_14_16_C1 baz_aei_14_16_c1_p 935.73909 -2223.59594 7484.22244 2412.46482854 7863.43258891
BAZ_AEI_14_16_C2 baz_aei_14_16_c2_p 1696.22569 -3499.03318 7485.41481 3888.49775442 8435.1555803
BAZ_AEI_14_12_C1 baz_aei_14_12_c1_p 984.04507 -2466.93603 7483.90109 2655.95897482 7941.21486933
BAZ_AEI_14_12_C2 baz_aei_14_12_c2_p 1592.13939 -3475.08118 7484.94135 3822.44647376 8404.48951797
BAZ_AE4_16_02_N baz_ae4_16_02_c1_p 5157.6279 -1375.03414 7846.98023 5337.77523328 9490.36053957
BAZ_AE4_16_02_W baz_ae4_16_02_c2_p 6287.0795 -1661.89778 7848.77502 6503.02028833 10192.7691127
BAZ_AE4_02_04_N baz_ae4_02_04_c1_p 4593.75628 2653.98208 7843.40262 5305.30090014 9469.17009565
BAZ_AE4_02_04_W baz_ae4_02_04_c2_p 5592.43476 3252.41478 7843.92997 6469.43030305 10167.6332458
BAZ_AE4_02_16_W baz_ae4_02_16_c1_p 5532.1392 3129.40825 7843.99609 6355.92323139 10095.8424504
BAZ_AE4_02_16_N baz_ae4_02_16_c2_p 5709.70072 3223.62659 7844.23939 6556.86287059 10223.7244833
BAZ_AE4_04_06_N baz_ae4_04_06_c1_p 1383.71302 5123.51865 7837.75681 5307.08065499 9465.49189907
BAZ_AE4_04_06_W baz_ae4_04_06_c2_p 1663.29077 6254.75306 7842.30815 6472.13040869 10168.1005673
BAZ_AE4_04_02_W baz_ae4_04_02_c1_p 1707.08911 6124.67397 7842.2365 6358.1274341 10095.8633999
BAZ_AE4_04_02_N baz_ae4_04_02_c2_p 1764.12949 6318.46774 7843.06502 6560.1209927 10224.9135129
BAZ_AE4_06_08_N baz_ae4_06_08_c1_p -2646.85317 4599.54023 7839.37603 5306.75060945 9466.64769444
BAZ_AE4_06_08_W baz_ae4_06_08_c2_p -3244.76359 5599.26077 7842.05833 6471.49224874 10167.5016979
BAZ_AE4_06_04_W baz_ae4_06_04_c1_p -3121.22145 5538.50703 7841.32008 6357.44315439 10094.7206033
BAZ_AE4_06_04_N baz_ae4_06_04_c2_p -3217.84202 5715.87828 7841.81628 6559.40330956 10223.4952119
BAZ_AE4_08_10_N baz_ae4_08_10_c1_p -5122.37619 1382.00918 7854.13577 5305.53364003 9478.1926494
BAZ_AE4_08_10_W baz_ae4_08_10_c2_p -6253.38503 1659.09527 7857.24646 6469.7311728 10178.1011678
BAZ_AE4_08_06_W baz_ae4_08_06_c1_p -6123.40748 1704.1644 7857.05953 6356.12267568 10106.1209139
BAZ_AE4_10_12_N baz_ae4_10_12_c1_p -5068.90019 -2930.82673 7846.88422 5855.2108807 9790.66322675
BAZ_AE4_10_12_W baz_ae4_10_12_c2_p -5589.47359 -3251.87551 7848.69599 6466.59951952 10169.5102188
BAZ_AE4_10_08_W baz_ae4_10_08_c1_p -5532.04767 -3127.28652 7848.16066 6354.79916294 10098.371064
BAZ_AE4_10_08_N baz_ae4_10_08_c2_p -5707.61363 -3224.3161 7848.7792 6555.38463113 10226.2604403
BAZ_AE4_12_14_N baz_ae4_12_14_c1_p -1372.30076 -5094.87284 7852.90198 5276.45132941 9460.92004718
BAZ_AE4_12_14_W baz_ae4_12_14_c2_p -1660.72982 -6247.67903 7857.94958 6464.63585958 10175.4060557
BAZ_AE4_12_10_W baz_ae4_12_10_c1_p -1706.52825 -6117.10344 7857.79084 6350.68446419 10103.2702651
BAZ_AE4_12_10_N baz_ae4_12_10_c2_p -1771.06943 -6309.18919 7858.58592 6553.05693254 10232.2982669
BAZ_AE4_14_12_W baz_ae4_14_12_c1_p 3052.81432 -5544.16302 7850.08857 6329.0930523 10083.7150605
BAZ_AE4_14_12_N baz_ae4_14_12_c2_p 3149.01139 -5744.21867 7849.34718 6550.74964131 10223.725936
BAZ_AEM_16_02_C1 baz_aem_16_02_c1_p 3553.95201 -1233.3328 14113.6418 3761.87249717 14606.3879705
BAZ_AEM_16_02_C2 baz_aem_16_02_c2_p 4000.24244 -1341.1632 14112.65314 4219.08263818 14729.8213485
BAZ_AEM_16_02_C3 baz_aem_16_02_c3_p 5942.39065 -1834.31605 14108.80451 6219.06118385 15418.660341
BAZ_AEM_16_02_C4 baz_aem_16_02_c4_p 6926.70977 -2073.52639 14106.59857 7230.40938868 15851.6542715
BAZ_AEM_16_02_C5 baz_aem_16_02_c5_p 10286.84711 -2918.67489 14098.41647 10692.8895336 17694.7233248
BAZ_AEM_16_14_C1 baz_aem_16_14_c1_p 3420.8049 -1271.40157 14114.00897 3649.43394461 14578.189782
BAZ_AEM_16_14_C2 baz_aem_16_14_c2_p 3863.91005 -1388.75582 14113.06472 4105.90350618 14698.1985084
BAZ_AEM_16_14_C4 baz_aem_16_14_c4_p 8548.08444 -2559.04297 14102.80034 8922.91704073 16688.5417561
BAZ_AEM_16_14_C5 baz_aem_16_14_c5_p 9934.49923 -2911.43627 14099.19616 10352.3299844 17491.6571103
BAZ_AEM_02_04_C1 baz_aem_02_04_c1_p 3390.36679 1643.97301 14109.9178 3767.92173862 14604.3491656
BAZ_AEM_02_04_C2 baz_aem_02_04_c2_p 3782.08382 1883.26034 14108.20759 4225.02396795 14727.2654941
BAZ_AEM_02_04_C3 baz_aem_02_04_c3_p 5504.89512 2907.91637 14101.62177 6225.74075088 15414.7846057
BAZ_AEM_02_04_C4 baz_aem_02_04_c4_p 6369.16073 3436.33094 14098.70488 7237.02830821 15847.6514988
BAZ_AEM_02_04_C5 baz_aem_02_04_c5_p 9342.35588 5214.9495 14088.87688 10699.3136077 17691.0079819
BAZ_AEM_02_16_C1 baz_aem_02_16_c1_p 3323.91425 1521.43627 14110.39009 3655.56757085 14576.2231993
BAZ_AEM_02_16_C2 baz_aem_02_16_c2_p 3719.78033 1754.93016 14108.89385 4112.97283846 14696.1706319
BAZ_AEM_02_16_C3 baz_aem_02_16_c3_p 5435.1371 2784.00374 14102.20133 6106.66784099 15367.6112155
BAZ_AEM_02_16_C4 baz_aem_02_16_c4_p 7858.7476 4240.8314 14093.86054 8929.98123199 16684.7675958
BAZ_AEM_02_16_C5 baz_aem_02_16_c5_p 9087.91188 4970.96528 14090.03182 10358.6021332 17487.9854426
BAZ_AEM_04_06_C1 baz_aem_04_06_c1_p 1231.52394 3561.70246 14102.05528 3768.60393626 14596.9290862
BAZ_AEM_04_06_C2 baz_aem_04_06_c2_p 1340.50483 4007.79225 14101.18475 4226.03264521 14720.8275335
BAZ_AEM_04_06_C3 baz_aem_04_06_c3_p 1830.27886 5951.27789 14097.36795 6226.36565176 15411.1457182
BAZ_AEM_04_06_C4 baz_aem_04_06_c4_p 2068.37535 6935.06373 14094.9924 7236.93896117 15844.308009
BAZ_AEM_04_06_C5 baz_aem_04_06_c5_p 2918.39744 10294.66392 14084.06507 10700.3340529 17687.7934672
BAZ_AEM_04_02_C1 baz_aem_04_02_c1_p 1270.08023 3428.97902 14101.95184 3656.63792441 14568.3233973
BAZ_AEM_04_02_C2 baz_aem_04_02_c2_p 1387.30339 3871.69427 14101.20033 4112.73962417 14688.719412
BAZ_AEM_04_02_C3 baz_aem_04_02_c3_p 1867.80706 5815.03031 14097.47352 6107.64117476 15363.6597322
BAZ_AEM_04_02_C4 baz_aem_04_02_c4_p 2553.17903 8557.30734 14090.04443 8930.0745837 16681.5941717
BAZ_AEM_04_02_C5 baz_aem_04_02_c5_p 2907.08332 9943.36326 14085.30145 10359.6141989 17484.7740416
BAZ_AEM_06_08_C1 baz_aem_06_08_c1_p -1651.37491 3389.54401 14103.44971 3770.41744229 14598.7445149
BAZ_AEM_06_08_C2 baz_aem_06_08_c2_p -1891.1669 3780.13996 14101.9742 4226.81562892 14721.8085403
BAZ_AEM_06_08_C3 baz_aem_06_08_c3_p -2916.16655 5502.90675 14095.78141 6227.84152388 15410.2908345
BAZ_AEM_06_08_C4 baz_aem_06_08_c4_p -3444.34545 6367.13768 14092.84959 7239.05779884 15843.369824
BAZ_AEM_06_08_C5 baz_aem_06_08_c5_p -5211.84435 9347.67303 14083.00061 10702.4442351 17688.2226011
BAZ_AEM_06_04_C1 baz_aem_06_04_c1_p -1530.15248 3320.74433 14103.58332 3656.32459135 14569.8240203
BAZ_AEM_06_04_C2 baz_aem_06_04_c2_p -1762.01269 3717.62016 14102.10848 4114.04768735 14689.9575205
BAZ_AEM_06_04_C3 baz_aem_06_04_c3_p -2794.39978 5432.73543 14095.85905 6109.27854847 15362.8293859
BAZ_AEM_06_04_C4 baz_aem_06_04_c4_p -4243.92462 7859.41048 14087.90697 8932.03388223 16680.8378707
BAZ_AEM_06_04_C5 baz_aem_06_04_c5_p -4971.03371 9091.33043 14083.7684 10361.6342887 17484.7361284
BAZ_AEM_08_10_C1 baz_aem_08_10_c1_p -3567.45711 1235.11515 14108.28689 3775.21650577 14604.6574296
BAZ_AEM_08_10_C2 baz_aem_08_10_c2_p -4013.17647 1342.08136 14106.59212 4231.63889719 14727.6172206
BAZ_AEM_08_10_C3 baz_aem_08_10_c3_p -5956.4811 1834.37471 14099.41242 6232.54343518 15415.5125851
BAZ_AEM_08_10_C4 baz_aem_08_10_c4_p -6940.77173 2072.57439 14095.74794 7243.60937724 15848.027852
BAZ_AEM_08_10_C5 baz_aem_08_10_c5_p -10297.93602 2932.65618 14082.91857 10707.3786961 17691.1433772
BAZ_AEM_08_06_C1 baz_aem_08_06_c1_p -3433.18293 1272.76971 14108.64731 3661.51440876 14576.0288379
BAZ_AEM_08_06_C2 baz_aem_08_06_c2_p -3877.59447 1389.52759 14106.9907 4119.04428201 14696.0441074
BAZ_AEM_08_06_C3 baz_aem_08_06_c3_p -5819.01144 1873.0555 14099.71406 6113.03779188 15367.8615174
BAZ_AEM_08_06_C4 baz_aem_08_06_c4_p -8561.67737 2562.03973 14089.55925 8936.79847407 16684.78489
BAZ_AEM_08_06_C5 baz_aem_08_06_c5_p -9946.37209 2920.4083 14084.0729 10366.2482312 17487.7160271
BAZ_AEM_10_12_C1 baz_aem_10_12_c1_p -3391.93074 -1646.72297 14110.21762 3770.52923141 14605.3117724
BAZ_AEM_10_12_C2 baz_aem_10_12_c2_p -3784.6221 -1884.67803 14109.31693 4227.92806426 14729.1615494
BAZ_AEM_10_12_C3 baz_aem_10_12_c3_p -5506.41223 -2910.3041 14104.57487 6228.19762059 15418.4784549
BAZ_AEM_10_12_C4 baz_aem_10_12_c4_p -6371.56106 -3436.64159 14102.19425 7239.2883462 15851.7878621
BAZ_AEM_10_12_C5 baz_aem_10_12_c5_p -9352.83493 -5202.73334 14093.85101 10702.520985 17696.9091009
BAZ_AEM_10_08_C1 baz_aem_10_08_c1_p -3324.14783 -1524.88945 14110.35628 3657.21842804 14576.6045765
BAZ_AEM_10_08_C2 baz_aem_10_08_c2_p -3721.36458 -1756.376 14109.45608 4115.02259905 14697.2841663
BAZ_AEM_10_08_C3 baz_aem_10_08_c3_p -5436.43365 -2787.52541 14104.66495 6109.42785719 15370.9688079
BAZ_AEM_10_08_C4 baz_aem_10_08_c4_p -7863.75995 -4236.48992 14098.33173 8932.33269608 16689.8030235
BAZ_AEM_10_08_C5 baz_aem_10_08_c5_p -9096.31008 -4961.3274 14094.71535 10361.3525488 17493.3881063
BAZ_AEM_12_14_C1 baz_aem_12_14_c1_p -1234.91045 -3561.78815 14112.71432 3769.79291805 14607.5338139
BAZ_AEM_12_14_C2 baz_aem_12_14_c2_p -1343.18198 -4007.60841 14111.62714 4226.70829361 14731.0245244
BAZ_AEM_12_14_C3 baz_aem_12_14_c3_p -1838.8763 -5949.76131 14106.11251 6227.44937295 15419.5828685
BAZ_AEM_12_14_C4 baz_aem_12_14_c4_p -2076.91498 -6933.97099 14103.28846 7238.33748345 15852.3271134
BAZ_AEM_12_14_C5 baz_aem_12_14_c5_p -2933.2547 -10291.36412 14092.42254 10701.222294 17694.9860591
BAZ_AEM_12_10_C1 baz_aem_12_10_c1_p -1272.48991 -3427.90747 14112.66348 3656.47100275 14578.65051
BAZ_AEM_12_10_C2 baz_aem_12_10_c2_p -1389.7999 -3872.01683 14111.67837 4113.88600885 14699.0994456
BAZ_AEM_12_10_C3 baz_aem_12_10_c3_p -1875.81733 -5813.92239 14106.20655 6109.04118602 15372.2297486
BAZ_AEM_12_10_C4 baz_aem_12_10_c4_p -2566.55968 -8554.66806 14097.86392 8931.38142774 16688.8987448
BAZ_AEM_12_10_C5 baz_aem_12_10_c5_p -2922.74483 -9939.67374 14093.36942 10360.4802687 17491.7870158
BAZ_AEM_14_16_C1 baz_aem_14_16_c1_p 1646.70646 -3386.74901 14113.40364 3765.86125901 14607.1856744
BAZ_AEM_14_16_C2 baz_aem_14_16_c2_p 1885.86134 -3777.67239 14112.33262 4222.23657318 14730.4179729
BAZ_AEM_14_16_C3 baz_aem_14_16_c3_p 2906.74244 -5502.47697 14107.95224 6223.05426763 15419.4915877
BAZ_AEM_14_16_C4 baz_aem_14_16_c4_p 3432.76883 -6368.42572 14105.50157 7234.69059403 15852.6314072
BAZ_AEM_14_16_C5 baz_aem_14_16_c5_p 5203.46802 -9346.36485 14096.12305 10697.2246562 17695.5163922
BAZ_AEM_14_12_C1 baz_aem_14_12_c1_p 1525.21303 -3318.85348 14113.39769 3652.5420201 14578.3763693
BAZ_AEM_14_12_C2 baz_aem_14_12_c2_p 1755.4509 -3715.90759 14112.38967 4109.69306393 14698.6094335
BAZ_AEM_14_12_C3 baz_aem_14_12_c3_p 2783.33968 -5433.23044 14107.88519 6104.66811452 15372.03296
BAZ_AEM_14_12_C4 baz_aem_14_12_c4_p 4232.22452 -7859.53232 14100.96619 8926.58796388 16688.9550352
BAZ_AEM_14_12_C5 baz_aem_14_12_c5_p 4961.0247 -9090.75466 14096.89871 10356.3307384 17492.1736672
BAZ_AEM_16_14_C3 fix_baz_aem_16_14_c3_p 5805.56736 -1873.80116 14109.07878 6100.47073255 15371.4621028
BAZ_AEO_16_02_C1 baz_aeo_16_02_c1_p 4944.76466 -1597.09171 21630.18098 5196.28708531 22245.5867241
BAZ_AEO_16_02_C2 baz_aeo_16_02_c2_p 5650.88674 -1781.85671 21630.45795 5925.16111876 22427.310258
BAZ_AEO_16_02_C3 baz_aeo_16_02_c3_p 6771.54949 -2076.16652 21631.12653 7082.67957162 22761.1507809
BAZ_AEO_16_02_C4 baz_aeo_16_02_c4_p 8404.63742 -2516.79594 21631.65146 8773.37973447 23343.1046961
BAZ_AEO_16_02_C5 baz_aeo_16_02_c5_p 11471.50219 -3343.38394 21632.53466 11948.789841 24713.1571128
BAZ_AEO_16_02_C6 baz_aeo_16_02_c6_p 11239.53741 -3280.78913 21632.51138 11708.5771341 24597.8927372
BAZ_AEO_16_14_C1 baz_aeo_16_14_c1_p 4169.7372 -1472.47447 21629.29171 4422.0910644 22076.7105624
BAZ_AEO_16_14_C2 baz_aeo_16_14_c2_p 6368.38661 -2044.70577 21630.52643 6688.58502976 22641.0433359
BAZ_AEO_16_14_C3 baz_aeo_16_14_c3_p 6522.34888 -2090.79736 21630.56656 6849.26773553 22689.0695759
BAZ_AEO_16_14_C4 baz_aeo_16_14_c4_p 8152.37122 -2533.67734 21631.23263 8537.01806089 23254.9113622
BAZ_AEO_16_14_C5 baz_aeo_16_14_c5_p 10931.09506 -3277.99002 21632.12798 11412.0137479 24457.7803311
BAZ_AEO_16_14_C6 baz_aeo_16_14_c6_p 11338.55514 -3380.9634 21632.19077 11831.8952909 24656.5493061
BAZ_AEO_02_04_C1 baz_aeo_02_04_c1_p 4621.32091 2370.62722 21633.31767 5193.88875212 22248.076631
BAZ_AEO_02_04_C3 baz_aeo_02_04_c3_p 6255.38619 3319.81043 21632.43525 7081.73691104 22762.1012326
BAZ_AEO_02_04_C4 baz_aeo_02_04_c4_p 7722.45064 4161.60029 21632.46881 8772.40906826 23343.4973317
BAZ_AEO_02_04_C5 baz_aeo_02_04_c5_p 10475.09353 5744.59011 21633.21005 11946.8782531 24712.8241418
BAZ_AEO_02_04_C6 baz_aeo_02_04_c6_p 10268.37885 5623.87319 21633.16893 11707.5853131 24597.9989393
BAZ_AEO_02_16_C1 baz_aeo_02_16_c1_p 3986.65275 1909.17636 21633.60691 4420.22109432 22080.5639072
BAZ_AEO_02_16_C2 baz_aeo_02_16_c2_p 5947.27543 3055.91143 21632.20928 6686.45494326 22642.0219513
BAZ_AEO_02_16_C3 baz_aeo_02_16_c3_p 6088.43786 3136.50562 21632.33522 6848.84976324 22690.6295671
BAZ_AEO_02_16_C4 baz_aeo_02_16_c4_p 7555.96722 3971.07381 21632.04916 8535.92805934 23255.2707723
BAZ_AEO_02_16_C5 baz_aeo_02_16_c5_p 10047.97855 5407.24736 21632.97136 11410.5300908 24457.8340582
BAZ_AEO_02_16_C6 baz_aeo_02_16_c6_p 10408.76478 5623.96435 21632.97911 11830.9492119 24656.7869851
BAZ_AEO_04_06_C1 baz_aeo_04_06_c1_p 1594.02254 4939.7427 21632.74468 5190.56507523 22246.743766
BAZ_AEO_04_06_C3 baz_aeo_04_06_c3_p 2075.00592 6765.73125 21632.69668 7076.77673205 22760.806984
BAZ_AEO_04_06_C4 baz_aeo_04_06_c4_p 2515.78421 8398.87718 21632.89247 8767.57138984 23342.0724164
BAZ_AEO_04_06_C5 baz_aeo_04_06_c5_p 3334.26101 11467.28494 21634.03682 11942.1907696 24711.2822311
BAZ_AEO_04_06_C6 baz_aeo_04_06_c6_p 3272.27116 11234.86431 21633.94306 11701.7064828 24595.8823166
BAZ_AEO_04_02_C1 baz_aeo_04_02_c1_p 1466.85841 4164.46166 21632.13938 4415.24795596 22078.1310049
BAZ_AEO_04_02_C2 baz_aeo_04_02_c2_p 2043.55472 6361.71573 21632.00791 6681.88169028 22640.4794371
BAZ_AEO_04_02_C3 baz_aeo_04_02_c3_p 2087.62546 6517.43235 21631.99777 6843.6177931 22688.7291848
BAZ_AEO_04_02_C4 baz_aeo_04_02_c4_p 2531.3089 8147.10605 21632.05476 8531.28722627 23253.5729486
BAZ_AEO_04_02_C5 baz_aeo_04_02_c5_p 3270.73328 10926.87518 21633.20904 11405.8887154 24455.8792677
BAZ_AEO_04_02_C6 baz_aeo_04_02_c6_p 3372.06066 11334.76679 21633.34127 11825.7232877 24654.5976601
BAZ_AEO_06_08_C1 baz_aeo_06_08_c1_p -2377.6857 4613.16064 21632.48104 5189.85937945 22246.3227596
BAZ_AEO_06_08_C3 baz_aeo_06_08_c3_p -3322.73078 6249.00813 21632.79819 7077.47429845 22761.1203585
BAZ_AEO_06_08_C4 baz_aeo_06_08_c4_p -4162.51613 7717.57444 21632.43504 8768.5515206 23342.0166551
BAZ_AEO_06_08_C5 baz_aeo_06_08_c5_p -5747.93592 10468.81552 21631.64394 11942.9839543 24709.5707223
BAZ_AEO_06_08_C6 baz_aeo_06_08_c6_p -5628.10484 10260.51638 21631.66656 11702.7244894 24594.3643674
BAZ_AEO_06_04_C1 baz_aeo_06_04_c1_p -1921.90731 3974.2998 21632.74989 4414.61058402 22078.6017314
BAZ_AEO_06_04_C2 baz_aeo_06_04_c2_p -3057.81133 5939.9611 21633.13135 6680.81941078 22641.2393655
BAZ_AEO_06_04_C3 baz_aeo_06_04_c3_p -3139.83747 6081.68804 21633.04353 6844.37789386 22689.9555117
BAZ_AEO_06_04_C4 baz_aeo_06_04_c4_p -3972.84141 7550.29678 21632.92307 8531.73196573 23254.5438761
BAZ_AEO_06_04_C5 baz_aeo_06_04_c5_p -5409.17794 10042.15997 21632.16879 11406.3220562 24455.1612019
BAZ_AEO_06_04_C6 baz_aeo_06_04_c6_p -5626.27687 10401.94854 21631.85488 11826.0528008 24653.4514905
BAZ_AEO_08_10_C1 baz_aeo_08_10_c1_p -4941.28127 1592.16623 21629.99738 5191.45970737 22244.2810752
BAZ_AEO_08_10_C3 baz_aeo_08_10_c3_p -6766.90419 2077.24345 21630.12069 7078.55441932 22758.9115234
BAZ_AEO_08_10_C4 baz_aeo_08_10_c4_p -8399.78114 2516.65525 21630.0688 8768.68729328 23339.8747456
BAZ_AEO_08_10_C5 baz_aeo_08_10_c5_p -11469.03382 3331.25581 21630.55038 11943.0315262 24708.6363804
BAZ_AEO_08_10_C6 baz_aeo_08_10_c6_p -11236.94081 3271.50082 21630.48974 11703.4847965 24593.6911173
BAZ_AEO_08_06_C1 baz_aeo_08_06_c1_p -4166.70777 1462.90211 21631.20659 4416.05437286 22077.378349
BAZ_AEO_08_06_C2 baz_aeo_08_06_c2_p -6362.78653 2044.60395 21630.82677 6683.22210754 22639.7465642
BAZ_AEO_08_06_C3 baz_aeo_08_06_c3_p -6518.82612 2088.69531 21630.86961 6845.27151257 22688.1524626
BAZ_AEO_08_06_C4 baz_aeo_08_06_c4_p -8147.55725 2533.5095 21630.99026 8532.37127231 23252.980436
BAZ_AEO_08_06_C5 baz_aeo_08_06_c5_p -10927.97895 3271.36323 21631.27525 11407.1267773 24454.7461703
BAZ_AEO_08_06_C6 baz_aeo_08_06_c6_p -11336.56629 3370.43349 21631.22018 11826.9842799 24653.3414294
BAZ_AEO_10_12_C1 baz_aeo_10_12_c1_p -4620.72711 -2378.80362 21633.73835 5197.09781394 22249.2350584
BAZ_AEO_10_12_C3 baz_aeo_10_12_c3_p -6255.08155 -3323.87456 21630.97847 7083.37400451 22761.2261721
BAZ_AEO_10_12_C4 baz_aeo_10_12_c4_p -7723.55135 -4163.8403 21628.78359 8774.44080839 23340.8459804
BAZ_AEO_10_12_C5 baz_aeo_10_12_c5_p -10473.54101 -5752.56182 21625.80697 11949.3526511 24707.5404661
BAZ_AEO_10_12_C6 baz_aeo_10_12_c6_p -10265.01327 -5632.41565 21625.9547 11708.740474 24592.2044594
BAZ_AEO_10_08_C1 baz_aeo_10_08_c1_p -3979.82512 -1925.04716 21635.26898 4420.95177015 22082.3386078
BAZ_AEO_10_08_C2 baz_aeo_10_08_c2_p -5946.88035 -3060.5522 21631.42063 6688.22589826 22641.7915399
BAZ_AEO_10_08_C3 baz_aeo_10_08_c3_p -6087.96677 -3140.94353 21631.05595 6850.46463032 22689.8974692
BAZ_AEO_10_08_C4 baz_aeo_10_08_c4_p -7556.61147 -3974.38105 21628.90275 8538.03734117 23253.1184104
BAZ_AEO_10_08_C5 baz_aeo_10_08_c5_p -10046.93078 -5413.80286 21626.02745 11412.7156937 24452.7123807
BAZ_AEO_10_08_C6 baz_aeo_10_08_c6_p -10406.37088 -5631.8932 21625.69273 11832.6149227 24651.1939257
BAZ_AEO_12_14_C1 baz_aeo_12_14_c1_p -1587.6909 -4944.8623 21630.8773 5193.49839317 22245.6125635
BAZ_AEO_12_14_C3 baz_aeo_12_14_c3_p -2075.14267 -6769.43187 21630.68975 7080.35485999 22760.0123902
BAZ_AEO_12_14_C4 baz_aeo_12_14_c4_p -2518.18623 -8401.70892 21630.57082 8770.97341607 23341.1989552
BAZ_AEO_12_14_C5 baz_aeo_12_14_c5_p -3338.97345 -11469.55661 21629.70896 11945.6884494 24709.1841675
BAZ_AEO_12_14_C6 baz_aeo_12_14_c6_p -3277.6698 -11236.88782 21629.7717 11705.1598535 24593.8567734
BAZ_AEO_12_10_C1 baz_aeo_12_10_c1_p -1457.68727 -4170.3716 21631.16953 4417.78807314 22077.6888893
BAZ_AEO_12_10_C2 baz_aeo_12_10_c2_p -2042.24821 -6365.26231 21630.91975 6684.85916279 22640.3187093
BAZ_AEO_12_10_C3 baz_aeo_12_10_c3_p -2085.52061 -6521.81811 21630.9239 6847.15325334 22688.7720347
BAZ_AEO_12_10_C4 baz_aeo_12_10_c4_p -2533.5135 -8149.84801 21630.75739 8534.55993246 23253.5670061
BAZ_AEO_12_10_C5 baz_aeo_12_10_c5_p -3274.83455 -10928.67016 21630.06929 11408.7848957 24454.4529746
BAZ_AEO_12_10_C6 baz_aeo_12_10_c6_p -3375.956 -11336.79045 21629.90925 11828.7740963 24653.0499286
BAZ_AEO_14_16_C1 baz_aeo_14_16_c1_p 2371.86232 -4623.17241 21631.87031 5196.09988334 22247.1855997
BAZ_AEO_14_16_C3 baz_aeo_14_16_c3_p 3323.30847 -6254.757 21632.14193 7082.82177637 22762.1600204
BAZ_AEO_14_16_C4 baz_aeo_14_16_c4_p 4166.57814 -7720.61882 21632.35755 8773.15954263 23343.6762643
BAZ_AEO_14_16_C5 baz_aeo_14_16_c5_p 5752.34497 -10471.99923 21632.9067 11947.8969081 24713.0510625
BAZ_AEO_14_16_C6 baz_aeo_14_16_c6_p 5633.21722 -10262.83947 21632.67537 11707.2204316 24597.3912011
BAZ_AEO_14_12_C1 baz_aeo_14_12_c1_p 1913.82758 -3985.57642 21631.44342 4421.26174362 22078.652582
BAZ_AEO_14_12_C2 baz_aeo_14_12_c2_p 3059.72953 -5946.23476 21631.89589 6687.2754256 22641.9648532
BAZ_AEO_14_12_C3 baz_aeo_14_12_c3_p 3139.68403 -6087.46274 21631.98271 6849.43927772 22690.4714447
BAZ_AEO_14_12_C4 baz_aeo_14_12_c4_p 3976.8166 -7553.69176 21632.21025 8536.58769504 23255.6627464
BAZ_AEO_14_12_C5 baz_aeo_14_12_c5_p 5416.2399 -10044.04303 21632.61867 11411.3301172 24457.8953625
BAZ_AEO_14_12_C6 baz_aeo_14_12_c6_p 5632.44904 -10404.3729 21632.59975 11831.1224163 24656.5372584
BAZ_AEL_16_02_C1 baz_ael_16_02_c1_p 6963.62405 -2061.58073 11144.05299 7262.38080908 13301.5823141
BAZ_AEL_16_02_C2 baz_ael_16_02_c2_p 9051.57191 -2638.21202 11140.63142 9428.20856284 14594.6834546
BAZ_AEL_16_02_C3 baz_ael_16_02_c3_p 9121.6357 -2688.10149 11140.67656 9509.47566715 14647.3479401
BAZ_AEL_16_14_C1 baz_ael_16_14_c1_p 7087.70507 -2174.11843 11143.69304 7413.65996705 13384.4779008
BAZ_AEL_16_14_C3 baz_ael_16_14_c2_p 7480.65933 -2286.97015 11142.95682 7822.43545697 13614.5504212
BAZ_AEL_16_14_C2 baz_ael_16_14_c3_p 8730.89573 -2629.46598 11140.83934 9118.25814441 14396.5597553
BAZ_AES_16_02_C1 baz_aes_16_02_c1_p 6085.55622 -1600.64772 10101.20829 6292.54063398 11900.8603281
BAZ_AES_16_02_C2 baz_aes_16_02_c2_p 6932.17698 -1893.38017 10100.99816 7186.09533406 12396.3756791
BAZ_AES_16_02_C3 baz_aes_16_02_c3_p 8432.29497 -2421.4128 10100.96361 8773.0746269 13378.9500432
BAZ_AES_16_14_C1 baz_aes_16_14_c1_p 6279.02178 -1748.76691 10101.05589 6517.99817576 12021.4653979
BAZ_AES_16_14_C2 baz_aes_16_14_c2_p 7808.62901 -2285.43126 10100.72605 8136.20814999 12970.0636004
BAZ_AES_16_14_C3 baz_aes_16_14_c3_p 8564.2707 -2551.53749 10100.74014 8936.27865421 13486.364505
BAZ_AEL_02_04_C1 baz_ael_02_04_c1_p 6382.85341 3466.05859 11143.3415 7263.22103497 13301.4450188
BAZ_AEL_02_04_C2 baz_ael_02_04_c2_p 8269.26191 4530.54769 11142.05046 9429.02725139 14596.2955355
BAZ_AEL_02_04_C3 baz_ael_02_04_c3_p 8356.23316 4543.58518 11142.2855 9511.6138963 14649.9599001
BAZ_AEL_02_16_C1 baz_ael_02_16_c1_p 6551.04312 3472.8735 11143.49096 7414.64876492 13384.85738
BAZ_AEL_02_16_C3 baz_ael_02_16_c2_p 6909.73658 3669.05052 11143.56087 7823.45136901 13615.6285271
BAZ_AEL_02_16_C2 baz_ael_02_16_c3_p 8037.42807 4309.705 11142.95328 9119.96749816 14399.2782794
BAZ_AES_02_04_C1 baz_aes_02_04_c1_p 5435.66754 3172.65275 10100.78632 6293.82293026 11901.1802507
BAZ_AES_02_04_C2 baz_aes_02_04_c2_p 6242.0992 3563.23488 10100.87379 7187.52010312 12397.1003285
BAZ_AES_02_04_C3 baz_aes_02_04_c3_p 7677.19937 4248.15343 10101.17876 8774.17789491 13379.8359509
BAZ_AES_02_16_C1 baz_aes_02_16_c1_p 5676.44597 3205.08948 10101.14517 6518.79110151 12021.9703531
BAZ_AES_02_16_C2 baz_aes_02_16_c2_p 7139.23435 3902.68867 10100.95977 8136.31648593 12970.313575
BAZ_AES_02_16_C3 baz_aes_02_16_c3_p 7862.07431 4250.87811 10101.19818 8937.68298621 13487.6381118
BAZ_AEL_04_06_C1 baz_ael_04_06_c1_p 2133.33035 7227.73838 11002.98328 7536.00029671 13336.3016437
BAZ_AEL_04_06_C2 baz_ael_04_06_c2_p 2252.1131 7659.33217 11002.97042 7983.56954661 13594.2171812
BAZ_AEL_04_02_C1 baz_ael_04_02_c1_p 2173.6441 7088.14301 11145.18897 7413.93957378 13385.8782745
BAZ_AEL_04_02_C3 baz_ael_04_02_c2_p 2286.03867 7481.52441 11144.80627 7822.99049585 13616.3830401
BAZ_AEL_04_02_C2 baz_ael_04_02_c3_p 2628.32049 8731.77545 11144.18803 9118.77026289 14399.4756139
BAZ_AES_04_06_C1 baz_aes_04_06_c1_p 1597.11123 6081.32032 10102.35715 6287.54491956 11899.194977
BAZ_AES_04_06_C2 baz_aes_04_06_c2_p 1890.71445 6928.1999 10101.48506 7181.55658516 12394.1419793
BAZ_AES_04_06_C3 baz_aes_04_06_c3_p 2423.17269 8427.01797 10099.60143 8768.48890929 13374.9148333
BAZ_AES_04_02_C1 baz_aes_04_02_c1_p 1746.06737 6274.49701 10102.33908 6512.91516827 12019.7886369
BAZ_AES_04_02_C2 baz_aes_04_02_c2_p 2284.47429 7803.60802 10100.52845 8131.12052004 12966.7187785
BAZ_AES_04_02_C3 baz_aes_04_02_c3_p 2550.56697 8560.12528 10099.49666 8932.02869889 13482.6173076
BAZ_AEL_06_08_C1 baz_ael_06_08_c1_p -3464.28278 6384.06657 11144.72872 7263.44003555 13302.7267653
BAZ_AEL_06_08_C2 baz_ael_06_08_c2_p -4532.07195 8267.98289 11146.74683 9428.63814288 14599.62952
BAZ_AEL_06_08_C3 baz_ael_06_08_c3_p -4545.88154 8354.29477 11146.76989 9511.00836293 14652.9778223
BAZ_AEL_06_04_C1 baz_ael_06_04_c1_p -3484.1226 6566.92502 11002.70098 7433.95012831 13278.6687347
BAZ_AEL_06_04_C2 baz_ael_06_04_c2_p -4211.08332 7849.40625 11003.98998 8907.65969296 14157.478472
BAZ_AES_06_08_C1 baz_aes_06_08_c1_p -3101.08505 5510.10408 10101.81376 6322.8138878 11917.4081369
BAZ_AES_06_08_C2 baz_aes_06_08_c2_p -3517.58529 6275.89095 10102.08798 7194.45713648 12402.1125235
BAZ_AES_06_08_C3 baz_aes_06_08_c3_p -4257.5841 7655.18737 10102.2951 8759.50432607 13371.0613762
BAZ_AES_06_04_C1 baz_aes_06_04_c1_p -3107.42249 5679.18116 10101.79758 6473.72946449 11998.1451703
BAZ_AES_06_04_C2 baz_aes_06_04_c2_p -3888.91116 7133.32022 10102.05535 8124.52382429 12963.7729719
BAZ_AES_06_04_C3 baz_aes_06_04_c3_p -4275.89865 7854.34884 10102.14912 8942.8242164 13491.7575507
BAZ_AEL_08_10_C1 baz_ael_08_10_c1_p -6961.32841 2059.48401 11143.60197 7259.5845349 13299.6779091
BAZ_AEL_08_10_C2 baz_ael_08_10_c2_p -9049.60527 2638.55539 11142.20142 9426.41660913 14594.7244775
BAZ_AEL_08_10_C3 baz_ael_08_10_c3_p -9120.37527 2688.97282 11142.13713 9508.51302215 14647.8339599
BAZ_AEL_08_06_C1 baz_ael_08_06_c1_p -7085.92444 2173.90619 11143.45837 7411.89539135 13383.3051873
BAZ_AEL_08_06_C3 baz_ael_08_06_c2_p -7477.3795 2289.27624 11143.06557 7819.97377809 13613.2251942
BAZ_AEL_08_06_C2 baz_ael_08_06_c3_p -8728.52715 2629.88678 11142.53693 9116.11159892 14396.5141587
BAZ_AES_08_10_C1 baz_aes_08_10_c1_p -6086.29983 1600.02647 10100.62251 6293.10180478 11900.6598731
BAZ_AES_08_10_C2 baz_aes_08_10_c2_p -6932.39954 1895.53709 10100.78156 7186.87861604 12396.6532727
BAZ_AES_08_10_C3 baz_aes_08_10_c3_p -8431.40545 2425.66159 10101.34873 8773.39341484 13379.4498458
BAZ_AES_08_06_C1 baz_aes_08_06_c1_p -6279.96929 1748.11353 10100.31604 6518.73570542 12021.2436671
BAZ_AES_08_06_C2 baz_aes_08_06_c2_p -7807.85759 2289.06808 10101.04316 8136.49020282 12970.4874905
BAZ_AES_08_06_C3 baz_aes_08_06_c3_p -8565.53558 2553.2577 10101.21969 8937.98213552 13487.8524562
BAZ_AEL_10_12_C1 baz_ael_10_12_c1_p -6399.98531 -3473.29472 11144.46551 7281.72975193 13312.5016313
BAZ_AEL_10_12_C2 baz_ael_10_12_c2_p -6706.87397 -3649.22739 11144.12255 7635.37942694 13508.9039675
BAZ_AEL_10_12_C3 baz_ael_10_12_c3_p -7674.30234 -4200.955 11143.2624 8748.88217533 14167.4004755
BAZ_AEL_10_08_C1 baz_ael_10_08_c1_p -6546.94499 -3475.51666 11144.46501 7412.26718056 13384.3492601
BAZ_AEL_10_08_C3 baz_ael_10_08_c2_p -6904.22926 -3670.82434 11143.95919 7819.42024768 13613.6387288
BAZ_AEL_10_08_C2 baz_ael_10_08_c3_p -8029.4749 -4313.56633 11142.85897 9114.78588081 14395.9239953
BAZ_AEL_10_12_C4 baz_ael_10_12_c4_p -8340.6799 -4581.86734 11142.47584 9516.32542086 14653.1640734
BAZ_AES_10_12_C1 baz_aes_10_12_c1_p -5437.09289 -3173.13148 10099.40109 6295.29526582 11900.7833717
BAZ_AES_10_12_C2 baz_aes_10_12_c2_p -6242.67583 -3564.15387 10099.71102 7188.47649558 12396.707507
BAZ_AES_10_12_C3 baz_aes_10_12_c3_p -7678.06153 -4247.3952 10100.71201 8774.56522247 13379.7375891
BAZ_AES_10_08_C1 baz_aes_10_08_c1_p -5677.82111 -3205.18974 10099.94423 6520.03787003 12021.6374623
BAZ_AES_10_08_C2 baz_aes_10_08_c2_p -7140.71865 -3903.94829 10100.65041 8138.22309165 12971.2687812
BAZ_AES_10_08_C3 baz_aes_10_08_c3_p -7864.07224 -4248.33686 10101.50578 8938.2323908 13488.232549
BAZ_AEL_12_14_C1 baz_ael_12_14_c1_p -2069.31112 -6984.66988 11143.1264 7284.7554416 13313.0360103
BAZ_AEL_12_14_C2 baz_ael_12_14_c2_p -2160.95416 -7326.04253 11142.8105 7638.10330075 13509.3614902
BAZ_AEL_12_14_C3 baz_ael_12_14_c3_p -2458.12929 -8398.21539 11142.26063 8750.56691553 14167.6530622
BAZ_AEL_12_10_C2 baz_ael_12_10_c1_p -2067.0164 -6699.81041 11143.28414 7011.42042156 13165.5914319
BAZ_AEL_12_10_C3 baz_ael_12_10_c2_p -2496.16466 -8239.74157 11141.91061 8609.54000805 14080.7084762
BAZ_AEL_12_10_C4 baz_ael_12_10_c3_p -2632.38469 -8734.96588 11141.64069 9122.9972093 14400.1817817
BAZ_AEL_12_14_C4 baz_ael_12_14_c4_p -2666.17272 -9138.38202 11141.84236 9519.37513266 14654.66322
BAZ_AEL_12_10_C1 baz_ael_12_10_c4_p -2656.4591 -8843.92275 11141.57988 9234.27011506 14470.8861781
BAZ_AES_12_14_C1 baz_aes_12_14_c1_p -1598.90633 -6087.45631 10102.40179 6293.93563506 11902.6109617
BAZ_AES_12_14_C2 baz_aes_12_14_c2_p -1894.9101 -6933.99839 10100.9449 7188.25555748 12397.5846774
BAZ_AES_12_14_C3 baz_aes_12_14_c3_p -2425.04824 -8432.90705 10098.02628 8774.66696122 13377.7769092
BAZ_AES_12_10_C1 baz_aes_12_10_c1_p -1748.27814 -6280.01492 10102.2925 6518.8238088 12022.9521169
BAZ_AES_12_10_C2 baz_aes_12_10_c2_p -2288.21743 -7808.83716 10099.56931 8137.19096484 12969.7793754
BAZ_AES_12_10_C3 baz_aes_12_10_c3_p -2554.72221 -8564.48042 10098.06749 8937.3894642 13485.09909
BAZ_AEL_14_16_C1 baz_ael_14_16_c1_p 3466.01059 -6381.7737 11144.11705 7262.249305 13301.5641859
BAZ_AEL_14_16_C2 baz_ael_14_16_c2_p 4538.31024 -8263.51144 11139.34507 9427.7187672 14593.3851365
BAZ_AEL_14_16_C3 baz_ael_14_16_c3_p 4552.31983 -8349.90413 11139.11136 9510.23211151 14646.648651
BAZ_AEL_14_12_C2 baz_ael_14_12_c1_p 3273.83154 -6201.32101 11145.09884 7012.44288543 13167.6719041
BAZ_AEL_14_12_C3 baz_ael_14_12_c2_p 4065.69526 -7590.10532 11141.13931 8610.43417697 14080.644937
BAZ_AEL_14_12_C4 baz_ael_14_12_c3_p 4319.06395 -8035.75552 11140.00364 9122.92059493 14398.8666665
BAZ_AEL_14_12_C1 baz_ael_14_12_c4_p 4381.88332 -8129.55628 11139.68857 9235.29028996 14470.0811392
BAZ_AES_14_16_C1 baz_aes_14_16_c1_p 3172.11939 -5439.57709 10102.28747 6296.9310257 11904.0981376
BAZ_AES_14_16_C2 baz_aes_14_16_c2_p 3563.52335 -6245.96756 10101.09296 7191.02283591 12399.3099975
BAZ_AES_14_16_C3 baz_aes_14_16_c3_p 4250.57356 -7680.39291 10098.82328 8778.14392915 13380.6592693
BAZ_AES_14_12_C1 baz_aes_14_12_c1_p 3203.83716 -5681.36446 10102.42836 6522.45925055 12025.0377731
BAZ_AES_14_12_C2 baz_aes_14_12_c2_p 3906.35234 -7142.57974 10100.14877 8141.00939359 12972.6265314
BAZ_AES_14_12_C3 baz_aes_14_12_c3_p 4252.31517 -7864.78082 10099.10385 8940.74726472 13488.10069
