BPL_AEI_AEL_16_R2 bpl_aei_16_r2_p 4386.02183 -1232.01848 7616.05672 4555.77183673 8874.64799249
BPL_AEI_AEM_16_R2 bpl_aei_16_r2_p 4386.02183 -1232.01848 7616.05672 4555.77183673 8874.64799249
BPL_AEI_AEO_16_R2 bpl_aei_16_r2_p 4386.02183 -1232.01848 7616.05672 4555.77183673 8874.64799249
BPL_AEI_AEL_02_R2 bpl_aei_02_r2_p 3966.6898 2232.55609 7611.97483 4551.8056488 8869.10905768
BPL_AEI_AEM_02_R2 bpl_aei_02_r2_p 3966.6898 2232.55609 7611.97483 4551.8056488 8869.10905768
BPL_AEI_AEO_02_R2 bpl_aei_02_r2_p 3966.6898 2232.55609 7611.97483 4551.8056488 8869.10905768
BPL_AEI_AEL_04_R2 bpl_aei_04_r2_p 1224.53339 4385.40085 7607.01484 4553.15523988 8865.54552266
BPL_AEI_AEM_04_R2 bpl_aei_04_r2_p 1224.53339 4385.40085 7607.01484 4553.15523988 8865.54552266
BPL_AEI_AEO_04_R2 bpl_aei_04_r2_p 1224.53339 4385.40085 7607.01484 4553.15523988 8865.54552266
BPL_AEI_AEL_06_R2 bpl_aei_06_r2_p -2236.05607 3966.60243 7601.60753 4553.44722006 8861.0562929
BPL_AEI_AEM_06_R2 bpl_aei_06_r2_p -2236.05607 3966.60243 7601.60753 4553.44722006 8861.0562929
BPL_AEI_AEO_06_R2 bpl_aei_06_r2_p -2236.05607 3966.60243 7601.60753 4553.44722006 8861.0562929
BPL_AEI_AEL_08_R2 bpl_aei_08_r2_p -4389.33357 1221.54909 7604.1153 4556.14215845 8864.59253794
BPL_AEI_AEM_08_R2 bpl_aei_08_r2_p -4389.33357 1221.54909 7604.1153 4556.14215845 8864.59253794
BPL_AEI_AEO_08_R2 bpl_aei_08_r2_p -4389.33357 1221.54909 7604.1153 4556.14215845 8864.59253794
BPL_AEI_AEL_10_R2 bpl_aei_10_r2_p -3968.82611 -2243.35902 7615.51097 4558.97361081 8875.82377688
BPL_AEI_AEM_10_R2 bpl_aei_10_r2_p -3968.82611 -2243.35902 7615.51097 4558.97361081 8875.82377688
BPL_AEI_AEO_10_R2 bpl_aei_10_r2_p -3968.82611 -2243.35902 7615.51097 4558.97361081 8875.82377688
BPL_AEI_AEL_12_R2 bpl_aei_12_r2_p -1226.34808 -4393.34596 7619.66026 4561.29568627 8880.57660377
BPL_AEI_AEM_12_R2 bpl_aei_12_r2_p -1226.34808 -4393.34596 7619.66026 4561.29568627 8880.57660377
BPL_AEI_AEO_12_R2 bpl_aei_12_r2_p -1226.34808 -4393.34596 7619.66026 4561.29568627 8880.57660377
BPL_AEI_AEL_14_R2 bpl_aei_14_r2_p 2236.02348 -3974.00736 7617.40026 4559.88327706 8877.91204178
BPL_AEM_AEO_16_R1 bpl_aem_16_r1_p 2931.02554 -1018.84965 14204.50009 3103.05741575 14539.4906421
BPL_AEM_AE4_16_R2 bpl_aem_16_r2_p 6859.6868 -1970.86489 14103.7369 7137.19912912 15806.8025215
BPL_AEM_AEI_16_R2 bpl_aem_16_r2_p 6859.6868 -1970.86489 14103.7369 7137.19912912 15806.8025215
BPL_AEM_AEL_16_R2 bpl_aem_16_r2_p 6859.6868 -1970.86489 14103.7369 7137.19912912 15806.8025215
BPL_AEM_AES_16_R2 bpl_aem_16_r2_p 6859.6868 -1970.86489 14103.7369 7137.19912912 15806.8025215
BPL_AEM_AEO_02_R1 bpl_aem_02_r1_p 2799.23796 1354.24505 14202.26405 3109.61618406 14538.7075408
BPL_AEM_AE4_02_R2 bpl_aem_02_r2_p 6249.46041 3462.04188 14097.06113 7144.33267668 15804.0697891
BPL_AEM_AEI_02_R2 bpl_aem_02_r2_p 6249.46041 3462.04188 14097.06113 7144.33267668 15804.0697891
BPL_AEM_AEL_02_R2 bpl_aem_02_r2_p 6249.46041 3462.04188 14097.06113 7144.33267668 15804.0697891
BPL_AEM_AES_02_R2 bpl_aem_02_r2_p 6249.46041 3462.04188 14097.06113 7144.33267668 15804.0697891
BPL_AEM_AEO_04_R1 bpl_aem_04_r1_p 1018.83219 2938.23391 14193.73476 3109.86133795 14530.4282104
BPL_AEM_AE4_04_R2 bpl_aem_04_r2_p 1963.40484 6867.9736 14090.0841 7143.10996248 15797.2937518
BPL_AEM_AEI_04_R2 bpl_aem_04_r2_p 1963.40484 6867.9736 14090.0841 7143.10996248 15797.2937518
BPL_AEM_AEL_04_R2 bpl_aem_04_r2_p 1963.40484 6867.9736 14090.0841 7143.10996248 15797.2937518
BPL_AEM_AES_04_R2 bpl_aem_04_r2_p 1963.40484 6867.9736 14090.0841 7143.10996248 15797.2937518
BPL_AEM_AEO_06_R1 bpl_aem_06_r1_p -1364.66882 2796.1638 14195.15346 3111.40691404 14532.1448774
BPL_AEM_AE4_06_R2 bpl_aem_06_r2_p -3470.32742 6247.68781 14091.12621 7146.80175836 15799.8928237
BPL_AEM_AEI_06_R2 bpl_aem_06_r2_p -3470.32742 6247.68781 14091.12621 7146.80175836 15799.8928237
BPL_AEM_AEL_06_R2 bpl_aem_06_r2_p -3470.32742 6247.68781 14091.12621 7146.80175836 15799.8928237
BPL_AEM_AES_06_R2 bpl_aem_06_r2_p -3470.32742 6247.68781 14091.12621 7146.80175836 15799.8928237
BPL_AEM_AEO_08_R1 bpl_aem_08_r1_p -2945.10579 1018.58114 14201.91158 3116.27271802 14539.7884503
BPL_AEM_AE4_08_R2 bpl_aem_08_r2_p -6874.12552 1968.41325 14092.61433 7150.40225354 15802.8488268
BPL_AEM_AEI_08_R2 bpl_aem_08_r2_p -6874.12552 1968.41325 14092.61433 7150.40225354 15802.8488268
BPL_AEM_AEL_08_R2 bpl_aem_08_r2_p -6874.12552 1968.41325 14092.61433 7150.40225354 15802.8488268
BPL_AEM_AES_08_R2 bpl_aem_08_r2_p -6874.12552 1968.41325 14092.61433 7150.40225354 15802.8488268
BPL_AEM_AEO_10_R1 bpl_aem_10_r1_p -2799.35773 -1359.39832 14201.90609 3111.97164077 14538.8618565
BPL_AEM_AE4_10_R2 bpl_aem_10_r2_p -6251.23711 -3464.41375 14101.45506 7147.03631141 15809.211329
BPL_AEM_AEI_10_R2 bpl_aem_10_r2_p -6251.23711 -3464.41375 14101.45506 7147.03631141 15809.211329
BPL_AEM_AEL_10_R2 bpl_aem_10_r2_p -6251.23711 -3464.41375 14101.45506 7147.03631141 15809.211329
BPL_AEM_AES_10_R2 bpl_aem_10_r2_p -6251.23711 -3464.41375 14101.45506 7147.03631141 15809.211329
BPL_AEM_AEO_12_R1 bpl_aem_12_r1_p -1018.33888 -2939.46845 14204.73754 3110.86625284 14541.3911791
BPL_AEM_AE4_12_R2 bpl_aem_12_r2_p -1973.73996 -6867.82667 14100.896 7145.81644033 15808.1612024
BPL_AEM_AEI_12_R2 bpl_aem_12_r2_p -1973.73996 -6867.82667 14100.896 7145.81644033 15808.1612024
BPL_AEM_AEL_12_R2 bpl_aem_12_r2_p -1973.73996 -6867.82667 14100.896 7145.81644033 15808.1612024
BPL_AEM_AES_12_R2 bpl_aem_12_r2_p -1973.73996 -6867.82667 14100.896 7145.81644033 15808.1612024
BPL_AEM_AEO_14_R1 bpl_aem_14_r1_p 1358.80616 -2793.8976 14204.93521 3106.80188936 14540.7153297
BPL_AEO_AE4_16_R2 bpl_aeo_16_r2_p 9782.67651 -2810.23454 21532.88475 10178.31901 23817.2900122
BPL_AEO_AEI_16_R2 bpl_aeo_16_r2_p 9782.67651 -2810.23454 21532.88475 10178.31901 23817.2900122
BPL_AEO_AEL_16_R2 bpl_aeo_16_r2_p 9782.67651 -2810.23454 21532.88475 10178.31901 23817.2900122
BPL_AEO_AEM_16_R2 bpl_aeo_16_r2_p 9782.67651 -2810.23454 21532.88475 10178.31901 23817.2900122
BPL_AEO_AE4_02_R2 bpl_aeo_02_r2_p 8904.65592 4926.93909 21533.08592 10176.8180612 23816.8305005
BPL_AEO_AEI_02_R2 bpl_aeo_02_r2_p 8904.65592 4926.93909 21533.08592 10176.8180612 23816.8305005
BPL_AEO_AEL_02_R2 bpl_aeo_02_r2_p 8904.65592 4926.93909 21533.08592 10176.8180612 23816.8305005
BPL_AEO_AEM_02_R2 bpl_aeo_02_r2_p 8904.65592 4926.93909 21533.08592 10176.8180612 23816.8305005
BPL_AEO_AE4_04_R2 bpl_aeo_04_r2_p 2806.8183 9777.01859 21534.65024 10171.9379411 23816.1601111
BPL_AEO_AEI_04_R2 bpl_aeo_04_r2_p 2806.8183 9777.01859 21534.65024 10171.9379411 23816.1601111
BPL_AEO_AEL_04_R2 bpl_aeo_04_r2_p 2806.8183 9777.01859 21534.65024 10171.9379411 23816.1601111
BPL_AEO_AEM_04_R2 bpl_aeo_04_r2_p 2806.8183 9777.01859 21534.65024 10171.9379411 23816.1601111
BPL_AEO_AE4_06_R2 bpl_aeo_06_r2_p -4926.81978 8900.19203 21532.01742 10172.8546296 23814.1711065
BPL_AEO_AEI_06_R2 bpl_aeo_06_r2_p -4926.81978 8900.19203 21532.01742 10172.8546296 23814.1711065
BPL_AEO_AEL_06_R2 bpl_aeo_06_r2_p -4926.81978 8900.19203 21532.01742 10172.8546296 23814.1711065
BPL_AEO_AEM_06_R2 bpl_aeo_06_r2_p -4926.81978 8900.19203 21532.01742 10172.8546296 23814.1711065
BPL_AEO_AE4_08_R2 bpl_aeo_08_r2_p -9777.3906 2810.13554 21529.31074 10173.2113267 23811.8762309
BPL_AEO_AEI_08_R2 bpl_aeo_08_r2_p -9777.3906 2810.13554 21529.31074 10173.2113267 23811.8762309
BPL_AEO_AEL_08_R2 bpl_aeo_08_r2_p -9777.3906 2810.13554 21529.31074 10173.2113267 23811.8762309
BPL_AEO_AEM_08_R2 bpl_aeo_08_r2_p -9777.3906 2810.13554 21529.31074 10173.2113267 23811.8762309
BPL_AEO_AE4_10_R2 bpl_aeo_10_r2_p -8905.44946 -4928.99565 21527.05591 10178.5081521 23812.1012167
BPL_AEO_AEI_10_R2 bpl_aeo_10_r2_p -8905.44946 -4928.99565 21527.05591 10178.5081521 23812.1012167
BPL_AEO_AEL_10_R2 bpl_aeo_10_r2_p -8905.44946 -4928.99565 21527.05591 10178.5081521 23812.1012167
BPL_AEO_AEM_10_R2 bpl_aeo_10_r2_p -8905.44946 -4928.99565 21527.05591 10178.5081521 23812.1012167
BPL_AEO_AE4_12_R2 bpl_aeo_12_r2_p -2811.46897 -9778.34377 21529.59657 10174.4957936 23812.6834506
BPL_AEO_AEI_12_R2 bpl_aeo_12_r2_p -2811.46897 -9778.34377 21529.59657 10174.4957936 23812.6834506
BPL_AEO_AEL_12_R2 bpl_aeo_12_r2_p -2811.46897 -9778.34377 21529.59657 10174.4957936 23812.6834506
BPL_AEO_AEM_12_R2 bpl_aeo_12_r2_p -2811.46897 -9778.34377 21529.59657 10174.4957936 23812.6834506
BPL_AEO_AEM_14_R2 bpl_aeo_14_r2_p 4933.25081 -8901.46421 21531.73485 10177.0835035 23815.7224179
BPL_AEO_AEI_16_R1 fix_bpl_aeo_16_r1_p 2925.06401 -1008.66791 21527.96685 3094.0928259 21749.1785387
BPL_AEO_AEM_16_R1 fix_bpl_aeo_16_r1_p 2925.06401 -1008.66791 21527.96685 3094.0928259 21749.1785387
BPL_AEO_AEI_02_R1 fix_bpl_aeo_02_r1_p 2777.65776 1360.52522 21532.93552 3092.96160758 21753.9358189
BPL_AEO_AEM_02_R1 fix_bpl_aeo_02_r1_p 2777.65776 1360.52522 21532.93552 3092.96160758 21753.9358189
BPL_AEO_AEI_04_R1 fix_bpl_aeo_04_r1_p 996.65593 2922.45807 21532.06091 3087.73124052 21752.3270306
BPL_AEO_AEM_04_R1 fix_bpl_aeo_04_r1_p 996.65593 2922.45807 21532.06091 3087.73124052 21752.3270306
BPL_AEO_AEI_06_R1 fix_bpl_aeo_06_r1_p -1381.38298 2761.22395 21529.59265 3087.48710758 21749.8491102
BPL_AEO_AEM_06_R1 fix_bpl_aeo_06_r1_p -1381.38298 2761.22395 21529.59265 3087.48710758 21749.8491102
BPL_AEO_AEI_08_R1 fix_bpl_aeo_08_r1_p -2926.77531 988.2105 21528.18554 3089.10564849 21748.6860834
BPL_AEO_AEM_08_R1 fix_bpl_aeo_08_r1_p -2926.77531 988.2105 21528.18554 3089.10564849 21748.6860834
BPL_AEO_AEI_10_R1 fix_bpl_aeo_10_r1_p -2765.35785 -1387.40434 21536.24619 3093.88022412 21757.3434683
BPL_AEO_AEM_10_R1 fix_bpl_aeo_10_r1_p -2765.35785 -1387.40434 21536.24619 3093.88022412 21757.3434683
BPL_AEO_AEI_12_R1 fix_bpl_aeo_12_r1_p -983.21844 -2930.18592 21529.12504 3090.74554542 21749.8490343
BPL_AEO_AEM_12_R1 fix_bpl_aeo_12_r1_p -983.21844 -2930.18592 21529.12504 3090.74554542 21749.8490343
BPL_AEO_AEI_14_R1 fix_bpl_aeo_14_r1_p 1363.59734 -2776.82573 21529.58907 3093.56733246 21750.709514
BPL_AEO_AEM_14_R1 fix_bpl_aeo_14_r1_p 1363.59734 -2776.82573 21529.58907 3093.56733246 21750.709514
BPL_AEL_AE4_16_R2 bpl_ael_16_r2_p 5818.34061 -1678.22546 11231.98206 6055.53698268 12760.3663405
BPL_AEL_AEI_16_R2 bpl_ael_16_r2_p 5818.34061 -1678.22546 11231.98206 6055.53698268 12760.3663405
BPL_AEL_AEM_16_R3 bpl_ael_16_r3_p 9293.65803 -2769.29286 11237.15781 9697.47712155 14843.0043512
BPL_AES_AE4_16_R2 bpl_aes_16_r2_p 5349.27435 -1495.08037 9997.48761 5554.27775542 11436.7722674
BPL_AES_AEI_16_R2 bpl_aes_16_r2_p 5349.27435 -1495.08037 9997.48761 5554.27775542 11436.7722674
BPL_AES_AEM_16_R3 bpl_aes_16_r3_p 8284.41221 -2510.04416 10042.77303 8656.31603804 13258.548091
BPL_AEL_AE4_02_R2 bpl_ael_02_r2_p 5301.87466 2929.94941 11229.44505 6057.59675577 12759.1110422
BPL_AEL_AEI_02_R2 bpl_ael_02_r2_p 5301.87466 2929.94941 11229.44505 6057.59675577 12759.1110422
BPL_AEL_AEM_02_R3 bpl_ael_02_r3_p 8535.19758 4608.71566 11239.91069 9699.99266826 14846.7319664
BPL_AES_AE4_02_R2 bpl_aes_02_r2_p 4840.45053 2729.08494 9999.68401 5556.78557649 11439.9102375
BPL_AES_AEI_02_R2 bpl_aes_02_r2_p 4840.45053 2729.08494 9999.68401 5556.78557649 11439.9102375
BPL_AES_AEM_02_R3 bpl_aes_02_r3_p 7633.82519 4081.20206 10041.84259 8656.2981283 13257.8316435
BPL_AEL_AE4_04_R2 bpl_ael_04_r2_p 1677.39007 5819.75386 11231.83433 6056.66347405 12760.770935
BPL_AEL_AEI_04_R2 bpl_ael_04_r2_p 1677.39007 5819.75386 11231.83433 6056.66347405 12760.770935
BPL_AEL_AEM_04_R3 bpl_ael_04_r3_p 2768.10213 9297.0 11242.10705 9700.34011786 14848.6217989
BPL_AES_AE4_04_R2 bpl_aes_04_r2_p 1491.83776 5347.0883 10002.21035 5551.30013512 11439.4556285
BPL_AES_AEI_04_R2 bpl_aes_04_r2_p 1491.83776 5347.0883 10002.21035 5551.30013512 11439.4556285
BPL_AES_AEM_04_R3 bpl_aes_04_r3_p 2508.87063 8279.03515 10041.10647 8650.8297205 13253.7041613
BPL_AEL_AE4_06_R2 bpl_ael_06_r2_p -2928.17764 5301.13713 11229.14313 6056.0943819 12758.1320967
BPL_AEL_AEI_06_R2 bpl_ael_06_r2_p -2928.17764 5301.13713 11229.14313 6056.0943819 12758.1320967
BPL_AEL_AEM_06_R3 bpl_ael_06_r3_p -4610.91256 8534.327 11245.39385 9700.27071678 14851.0651073
BPL_AES_AE4_06_R2 bpl_aes_06_r2_p -2724.86349 4835.72333 10001.02465 5550.59466755 11438.0765522
BPL_AES_AEI_06_R2 bpl_aes_06_r2_p -2724.86349 4835.72333 10001.02465 5550.59466755 11438.0765522
BPL_AES_AEM_06_R3 bpl_aes_06_r3_p -4077.02122 7629.14391 10043.63061 8650.19877389 13255.2048139
BPL_AEL_AE4_08_R2 bpl_ael_08_r2_p -5816.88347 1677.3113 11230.94893 6053.8835883 12758.6723592
BPL_AEL_AEI_08_R2 bpl_ael_08_r2_p -5816.88347 1677.3113 11230.94893 6053.8835883 12758.6723592
BPL_AEL_AEM_08_R3 bpl_ael_08_r3_p -9294.77669 2769.39323 11241.31521 9698.57786376 14846.8710586
BPL_AES_AE4_08_R2 bpl_aes_08_r2_p -5350.59509 1493.3402 9995.99421 5555.08170688 11435.8573363
BPL_AES_AEI_08_R2 bpl_aes_08_r2_p -5350.59509 1493.3402 9995.99421 5555.08170688 11435.8573363
BPL_AES_AEM_08_R3 bpl_aes_08_r3_p -8282.69323 2513.57794 10041.46965 8655.69645972 13257.1563291
BPL_AEL_AE4_10_R2 bpl_ael_10_r2_p -5299.65497 -2922.91706 11231.57741 6052.25469893 12758.4528081
BPL_AEL_AEI_10_R2 bpl_ael_10_r2_p -5299.65497 -2922.91706 11231.57741 6052.25469893 12758.4528081
BPL_AEL_AEM_10_R3 bpl_ael_10_r3_p -8525.69925 -4615.69161 11239.0787 9694.95522115 14842.8112824
BPL_AES_AE4_10_R2 bpl_aes_10_r2_p -4840.7861 -2729.56571 9998.27454 5557.31401229 11438.9349508
BPL_AES_AEI_10_R2 bpl_aes_10_r2_p -4840.7861 -2729.56571 9998.27454 5557.31401229 11438.9349508
BPL_AES_AEM_10_R3 bpl_aes_10_r3_p -7636.0567 -4080.20669 10042.93669 8657.79698068 13259.6389814
BPL_AEL_AE4_12_R2 bpl_ael_12_r2_p -1673.02372 -5820.06203 11230.8666 6055.75184438 12759.4864704
BPL_AEL_AEI_12_R2 bpl_ael_12_r2_p -1673.02372 -5820.06203 11230.8666 6055.75184438 12759.4864704
BPL_AEL_AEM_12_R3 bpl_ael_12_r3_p -2774.223 -9294.07737 11240.04822 9699.28798486 14846.3756992
BPL_AES_AE4_12_R2 bpl_aes_12_r2_p -1493.0174 -5353.50781 10004.7041 5557.80053874 11444.7914335
BPL_AES_AEI_12_R2 bpl_aes_12_r2_p -1493.0174 -5353.50781 10004.7041 5557.80053874 11444.7914335
BPL_AES_AEM_12_R3 bpl_aes_12_r3_p -2512.32849 -8283.92291 10039.00909 8656.51045286 13255.8242569
BPL_AEL_AEI_14_R2 bpl_ael_14_r2_p 2927.01669 -5301.73416 11234.06335 6056.05579621 12762.4445605
BPL_AEL_AEM_14_R3 bpl_ael_14_r3_p 4618.18467 -8529.99144 11237.77451 9699.91668071 14845.0651582
BPL_AES_AEM_14_R3 bpl_aes_14_r3_p 4083.60598 -7636.6845 10040.48716 8659.95311491 13259.1919197
BPL_AE4_AEL_16_R3 fix_bpl_ae4_16_r3_p 6475.45108 -1980.37633 7790.34633 6771.5106954 10321.959748
BPL_AE4_AEM_16_R3 fix_bpl_ae4_16_r3_p 6475.45108 -1980.37633 7790.34633 6771.5106954 10321.959748
BPL_AE4_AES_16_R3 fix_bpl_ae4_16_r3_p 6475.45108 -1980.37633 7790.34633 6771.5106954 10321.959748
BPL_AE4_AEL_02_R3 fix_bpl_ae4_02_r3_p 5953.58094 3162.06625 7788.42609 6741.20085582 10300.6490057
BPL_AE4_AEM_02_R3 fix_bpl_ae4_02_r3_p 5953.58094 3162.06625 7788.42609 6741.20085582 10300.6490057
BPL_AE4_AES_02_R3 fix_bpl_ae4_02_r3_p 5953.58094 3162.06625 7788.42609 6741.20085582 10300.6490057
BPL_AE4_AEL_04_R3 fix_bpl_ae4_04_r3_p 1980.12429 6447.42693 7786.43083 6744.64277939 10301.3936577
BPL_AE4_AEM_04_R3 fix_bpl_ae4_04_r3_p 1980.12429 6447.42693 7786.43083 6744.64277939 10301.3936577
BPL_AE4_AES_04_R3 fix_bpl_ae4_04_r3_p 1980.12429 6447.42693 7786.43083 6744.64277939 10301.3936577
BPL_AE4_AEL_06_R3 fix_bpl_ae4_06_r3_p -3156.0923 5959.08603 7782.4312 6743.26515266 10297.4686356
BPL_AE4_AEM_06_R3 fix_bpl_ae4_06_r3_p -3156.0923 5959.08603 7782.4312 6743.26515266 10297.4686356
BPL_AE4_AES_06_R3 fix_bpl_ae4_06_r3_p -3156.0923 5959.08603 7782.4312 6743.26515266 10297.4686356
BPL_AE4_AEL_08_R3 fix_bpl_ae4_08_r3_p -6445.43177 1976.07551 7798.82231 6741.54768009 10308.7387466
BPL_AE4_AEM_08_R3 fix_bpl_ae4_08_r3_p -6445.43177 1976.07551 7798.82231 6741.54768009 10308.7387466
BPL_AE4_AES_08_R3 fix_bpl_ae4_08_r3_p -6445.43177 1976.07551 7798.82231 6741.54768009 10308.7387466
BPL_AE4_AEL_10_R3 fix_bpl_ae4_10_r3_p -5950.75542 -3166.41339 7789.38222 6740.74653321 10301.0746621
BPL_AE4_AEM_10_R3 fix_bpl_ae4_10_r3_p -5950.75542 -3166.41339 7789.38222 6740.74653321 10301.0746621
BPL_AE4_AES_10_R3 fix_bpl_ae4_10_r3_p -5950.75542 -3166.41339 7789.38222 6740.74653321 10301.0746621
BPL_AE4_AEL_12_R3 fix_bpl_ae4_12_r3_p -1979.52569 -6438.70837 7801.44801 6736.1329731 10307.1857694
BPL_AE4_AEM_12_R3 fix_bpl_ae4_12_r3_p -1979.52569 -6438.70837 7801.44801 6736.1329731 10307.1857694
BPL_AE4_AES_12_R3 fix_bpl_ae4_12_r3_p -1979.52569 -6438.70837 7801.44801 6736.1329731 10307.1857694
BPL_AE4_AEL_14_R3 fix_bpl_ae4_14_r3_p 3158.02191 -5953.38191 7790.14311 6739.12891629 10300.5916444
BPL_AE4_AEM_14_R3 fix_bpl_ae4_14_r3_p 3158.02191 -5953.38191 7790.14311 6739.12891629 10300.5916444
BPL_AE4_AES_14_R3 fix_bpl_ae4_14_r3_p 3158.02191 -5953.38191 7790.14311 6739.12891629 10300.5916444
BPL_AEM_AE4_16_R3 fix_bpl_aem_16_r3_p 11699.39213 -3471.08248 14111.69145 12203.4499136 18656.4740874
BPL_AEM_AEL_16_R3 fix_bpl_aem_16_r3_p 11699.39213 -3471.08248 14111.69145 12203.4499136 18656.4740874
BPL_AEM_AES_16_R3 fix_bpl_aem_16_r3_p 11699.39213 -3471.08248 14111.69145 12203.4499136 18656.4740874
BPL_AEM_AE4_02_R3 fix_bpl_aem_02_r3_p 10732.54085 5821.86819 14103.91408 12209.8969004 18654.8110335
BPL_AEM_AEL_02_R3 fix_bpl_aem_02_r3_p 10732.54085 5821.86819 14103.91408 12209.8969004 18654.8110335
BPL_AEM_AES_02_R3 fix_bpl_aem_02_r3_p 10732.54085 5821.86819 14103.91408 12209.8969004 18654.8110335
BPL_AEM_AE4_04_R3 fix_bpl_aem_04_r3_p 3471.39936 11707.9349 14097.40173 12211.7301452 18651.0881365
BPL_AEM_AEL_04_R3 fix_bpl_aem_04_r3_p 3471.39936 11707.9349 14097.40173 12211.7301452 18651.0881365
BPL_AEM_AES_04_R3 fix_bpl_aem_04_r3_p 3471.39936 11707.9349 14097.40173 12211.7301452 18651.0881365
BPL_AEM_AE4_06_R3 fix_bpl_aem_06_r3_p -5818.56611 10737.63646 14096.93215 12212.80264 18651.4354505
BPL_AEM_AEL_06_R3 fix_bpl_aem_06_r3_p -5818.56611 10737.63646 14096.93215 12212.80264 18651.4354505
BPL_AEM_AES_06_R3 fix_bpl_aem_06_r3_p -5818.56611 10737.63646 14096.93215 12212.80264 18651.4354505
BPL_AEM_AE4_08_R3 fix_bpl_aem_08_r3_p -11710.5004 3485.39786 14095.42914 12218.1757174 18653.8183893
BPL_AEM_AEL_08_R3 fix_bpl_aem_08_r3_p -11710.5004 3485.39786 14095.42914 12218.1757174 18653.8183893
BPL_AEM_AES_08_R3 fix_bpl_aem_08_r3_p -11710.5004 3485.39786 14095.42914 12218.1757174 18653.8183893
BPL_AEM_AE4_10_R3 fix_bpl_aem_10_r3_p -10742.58503 -5809.90736 14107.16685 12213.0322467 18659.3224205
BPL_AEM_AEL_10_R3 fix_bpl_aem_10_r3_p -10742.58503 -5809.90736 14107.16685 12213.0322467 18659.3224205
BPL_AEM_AES_10_R3 fix_bpl_aem_10_r3_p -10742.58503 -5809.90736 14107.16685 12213.0322467 18659.3224205
BPL_AEM_AE4_12_R3 fix_bpl_aem_12_r3_p -3485.80219 -11703.26648 14104.19718 12211.3579593 18655.9813814
BPL_AEM_AEL_12_R3 fix_bpl_aem_12_r3_p -3485.80219 -11703.26648 14104.19718 12211.3579593 18655.9813814
BPL_AEM_AES_12_R3 fix_bpl_aem_12_r3_p -3485.80219 -11703.26648 14104.19718 12211.3579593 18655.9813814
BPL_AEM_AE4_14_R3 fix_bpl_aem_14_r3_p 5809.9319 -10736.20824 14109.16072 12207.4352775 18657.1673166
BPL_AEM_AEL_14_R3 fix_bpl_aem_14_r3_p 5809.9319 -10736.20824 14109.16072 12207.4352775 18657.1673166
BPL_AEM_AES_14_R3 fix_bpl_aem_14_r3_p 5809.9319 -10736.20824 14109.16072 12207.4352775 18657.1673166
